186.0;184.0;155.0;209.0;163.0;157.0;0
254.0;238.0;288.0;230.0;44.0;356.0;0
265.0;77.0;20.0;212.0;62.0;163.0;0
282.0;178.0;48.0;238.0;63.0;288.0;5
141.0;138.0;63.0;22.0;101.0;93.0;0
63.0;141.0;46.0;119.0;20.0;103.0;0
193.0;183.0;287.0;202.0;237.0;211.0;0
41.0;177.0;69.0;184.0;5.0;174.0;0
77.0;241.0;107.0;271.0;88.0;246.0;0
97.0;144.0;119.0;46.0;10.0;33.0;0
19.0;270.0;44.0;293.0;9.0;273.0;0
112.0;237.0;148.0;248.0;122.0;229.0;0
4.0;169.0;124.0;204.0;127.0;197.0;0
113.0;48.0;138.0;50.0;114.0;55.0;0
115.0;71.0;193.0;31.0;211.0;54.0;0
147.0;139.0;78.0;76.0;223.0;100.0;117
55.0;161.0;142.0;157.0;141.0;210.0;255
219.0;94.0;228.0;130.0;245.0;79.0;180
83.0;27.0;137.0;43.0;93.0;44.0;0
142.54709;140.4108;82.77513;29.076067;98.84881;101.305336;0
10.0;33.0;97.0;31.0;122.0;4.0;0
31.0;311.0;72.0;344.0;10.0;320.0;208
253.0;169.0;204.0;242.0;226.0;153.0;4
152.0;256.0;170.0;238.0;154.0;243.0;224
67.0;374.0;54.0;365.0;65.0;301.0;0
182.0;61.0;210.0;56.0;166.0;27.0;0
56.0;285.0;67.0;274.0;12.0;281.0;2
208.0;159.0;150.0;191.0;216.0;150.0;0
62.0;23.0;53.0;76.0;191.0;118.0;0
230.0;277.0;250.0;245.0;249.0;249.0;0
235.0;255.0;60.0;330.0;21.0;341.0;0
83.0;35.0;104.0;13.0;113.0;42.0;241
50.0;288.0;48.0;260.0;83.0;248.0;0
49.874836;53.926968;82.59559;290.80173;67.0;14.0;0
280.0;264.0;247.0;295.0;222.0;293.0;0
194.0;43.0;168.0;10.0;214.0;53.0;0
131.0;206.0;165.0;179.0;206.0;210.0;0
234.0;8.0;280.0;20.0;260.0;14.0;60
287.0;199.0;246.0;212.0;277.0;193.0;0
17.0;245.0;54.0;152.0;194.0;255.0;4
136.0;227.0;120.0;238.0;135.0;272.0;1
12.0;252.0;47.0;284.0;143.0;299.0;0
107.0;47.0;108.0;40.0;90.0;24.0;4
95.0;276.0;76.0;248.0;109.0;267.0;0
241.0;170.0;34.0;246.0;18.0;252.0;2
50.0;204.0;73.0;203.0;43.0;187.0;0
47.0;305.0;26.0;307.0;42.0;364.0;0
284.0;66.0;289.0;71.0;16.0;107.0;11
118.0;5.0;160.0;43.0;200.0;28.0;17
95.0;139.0;123.0;114.0;49.0;129.0;3
160.0;132.0;208.0;90.0;180.0;90.0;0
195.0;116.0;193.0;126.0;180.0;138.0;0
160.0;263.0;203.0;286.0;217.0;288.0;27
233.0;158.0;250.0;160.0;285.0;184.0;186
95.0;130.0;99.0;145.0;88.0;77.0;0
42.0;345.0;29.0;7.0;16.0;43.0;0
228.0;104.0;228.0;124.0;238.0;126.0;4
15.0;194.0;59.0;174.0;64.0;214.0;0
28.0;352.0;50.0;345.0;46.0;318.0;0
168.54535;224.20287;196.9399;255.63954;224.10074;71.54156;5
233.0;120.0;251.0;147.0;229.0;109.0;0
136.0;256.0;107.0;256.0;84.0;292.0;3
250.0;73.0;283.0;13.0;67.0;115.0;0
8.0;34.0;7.0;68.0;115.0;17.0;0
54.0;22.0;15.0;50.0;34.0;12.0;0
203.0;83.0;179.0;143.0;222.0;146.0;0
211.42148;261.82;221.89221;296.85965;45.0;2.0;243
34.0;47.0;73.0;1.0;35.0;39.0;1
134.0;126.0;183.0;112.0;159.0;145.0;5
144.0;182.0;125.0;193.0;154.0;180.0;2
22.0;84.0;63.0;123.0;25.0;111.0;0
208.0;65.0;224.0;3.0;235.0;29.0;0
240.0;38.0;274.0;24.0;38.0;129.0;0
98.0;185.0;115.0;171.0;115.0;200.0;0
149.0;295.0;16.0;168.0;10.0;213.0;0
271.0;29.0;240.0;17.0;288.0;69.0;0
80.0;105.0;117.0;118.0;248.0;13.0;0
148.0;299.0;134.0;298.0;105.0;226.0;6
92.0;275.0;81.0;284.0;117.0;278.0;0
143.0;124.0;86.0;107.0;96.0;104.0;0
11.0;124.0;17.0;105.0;0.0;91.0;0
104.28422;85.7041;38.46184;164.25601;68.87621;259.4473;0
117.0;78.0;213.0;101.0;170.0;136.0;0
14.0;373.0;71.0;370.0;62.0;127.0;1
221.0;281.0;167.0;291.0;162.0;247.0;0
123.0;118.0;103.0;98.0;117.0;114.0;2
251.0;86.0;50.0;204.0;12.0;188.0;0
11.0;156.0;3.0;197.0;54.0;171.0;0
255.0;60.0;260.0;73.0;267.0;64.0;0
41.0;1.0;133.0;108.0;110.0;80.0;0
138.0;153.0;197.0;238.0;199.0;210.0;0
170.0;219.0;174.0;217.0;162.0;152.0;1
193.0;160.0;252.0;165.0;275.0;220.0;210
205.0;252.0;176.0;287.0;201.0;298.0;0
233.0;56.0;10.0;143.0;20.0;89.0;0
189.0;209.0;171.0;206.0;189.0;193.0;159
94.0;125.0;163.0;110.0;200.0;81.0;0
169.0;165.0;199.0;221.0;210.0;171.0;162
12.0;73.0;2.0;32.0;40.0;10.0;0
279.0;113.0;230.0;95.0;229.0;127.0;1
198.0;56.0;212.0;58.0;193.0;28.0;1
217.0;29.0;151.0;26.0;167.0;56.0;0
292.37778;274.76376;33.27783;245.87273;122.666756;288.31567;0
59.0;118.0;63.0;107.0;67.0;145.0;164
158.0;56.0;207.0;27.0;189.0;52.0;0
158.0;165.0;181.0;152.0;156.0;208.0;3
241.0;129.0;292.0;135.0;238.0;81.0;252
87.0;161.0;139.0;216.0;84.0;217.0;135
97.0;127.0;143.0;119.0;95.0;90.0;0
213.0;152.0;238.0;260.0;279.0;189.0;0
12.0;325.0;70.0;342.0;7.0;98.0;0
154.0;29.0;155.0;19.0;220.0;50.0;0
188.0;23.0;173.0;2.0;161.0;1.0;0
203.0;10.0;115.0;265.0;63.0;189.0;255
277.0;250.0;299.0;259.0;235.0;283.0;0
7.0;41.0;6.0;25.0;61.0;8.0;5
195.0;192.0;173.0;167.0;216.0;199.0;0
203.0;17.0;152.0;3.0;236.0;9.0;0
19.0;39.0;120.0;38.0;127.0;34.0;0
245.0;201.0;227.0;221.0;225.0;186.0;185
130.0;241.0;147.0;294.0;78.0;282.0;0
62.0;91.0;21.0;93.0;70.0;81.0;130
254.0;261.0;257.0;286.0;25.0;336.0;0
29.0;294.0;62.0;247.0;54.0;252.0;0
297.0;281.0;265.0;240.0;286.0;258.0;198
184.0;86.0;180.0;127.0;188.0;80.0;228
277.0;26.0;21.0;80.0;4.0;86.0;0
204.0;68.0;274.0;4.0;239.0;3.0;0
199.0;115.0;157.0;76.0;239.0;141.0;0
132.0;188.0;132.0;150.0;96.0;200.0;0
288.0;227.0;21.0;325.0;71.0;325.0;0
168.0;297.0;159.0;288.0;287.64032;144.7824;0
167.0;268.0;202.0;237.0;224.0;297.0;36
225.0;83.0;235.0;119.0;253.0;133.0;0
124.0;109.0;118.0;100.0;111.0;81.0;0
149.0;277.0;103.0;237.0;122.0;242.0;0
123.0;64.0;144.0;33.0;86.0;31.0;0
155.0;19.0;206.0;20.0;170.0;32.0;4
44.0;209.0;50.0;217.0;48.0;171.0;0
21.0;360.0;17.0;316.0;7.0;316.0;95
285.80914;129.79764;55.0;70.0;3.0;41.0;2
153.0;43.0;197.0;30.0;185.0;42.0;0
167.0;198.0;174.0;153.0;158.0;150.0;10
252.0;182.0;225.0;217.0;225.0;152.0;0
19.0;27.0;28.0;47.0;22.0;26.0;0
210.0;178.0;251.0;206.0;266.0;173.0;0
161.0;232.0;154.0;270.0;242.0;188.0;238
112.0;130.0;84.0;134.0;131.0;76.0;158
150.0;31.0;208.0;62.0;182.0;15.0;1
221.0;3.0;246.0;40.0;225.0;56.0;0
237.0;207.0;279.0;152.0;168.0;271.0;146
45.0;143.0;129.0;80.0;135.0;88.0;0
36.0;275.0;1.0;282.0;69.0;229.0;253
255.0;221.0;181.0;276.0;167.0;262.0;0
256.0;299.0;52.0;352.0;32.0;337.0;4
269.0;165.0;225.0;216.0;232.0;166.0;0
194.0;213.0;63.28395;118.99396;42.35948;141.22154;97
221.0;40.0;188.0;50.0;156.0;15.0;0
105.0;287.0;82.0;241.0;116.0;278.0;0
30.1628;108.533195;201.52017;12.520148;65.80326;237.20619;0
83.0;64.0;80.0;43.0;99.0;33.0;7
231.0;245.0;232.0;227.0;2.0;326.0;63
187.0;116.0;217.0;106.0;185.0;136.0;0
99.0;190.0;102.0;168.0;218.0;174.0;2
73.0;131.0;13.0;133.0;101.0;114.0;0
193.0;80.0;173.0;85.0;284.0;110.0;0
19.0;11.0;56.0;36.0;69.0;2.0;0
162.0;16.0;217.0;16.0;185.0;27.0;0
218.0;38.0;168.0;51.0;254.0;58.0;0
92.0;202.0;140.0;150.0;133.0;157.0;0
184.0;167.0;202.0;159.0;217.0;155.0;0
3.0;110.0;41.0;90.0;126.0;123.0;0
153.0;93.0;217.0;106.0;210.0;103.0;0
280.0;72.0;229.0;50.0;240.0;43.0;0
255.0;172.0;279.0;174.0;285.0;197.0;0
11.0;240.0;58.0;241.0;68.0;273.0;0
45.0;100.0;43.0;144.0;16.0;96.0;0
241.0;133.0;251.0;110.0;255.0;87.0;2
190.0;291.0;210.0;227.0;221.0;228.0;0
168.0;231.0;253.0;252.0;287.0;286.0;0
166.0;30.0;230.0;16.0;298.0;36.0;0
195.0;20.0;155.0;10.0;169.0;53.0;0
178.0;35.0;150.0;22.0;196.0;27.0;0
177.0;261.0;180.38481;157.96507;125.8356;19.95987;0
17.0;104.0;60.0;26.0;0.0;83.0;0
82.0;298.0;105.0;291.0;147.0;289.0;0
188.0;59.0;209.0;51.0;163.0;54.0;57
263.0;239.0;275.0;259.0;297.0;259.0;0
283.0;60.0;22.0;112.0;30.0;130.0;0
294.0;13.0;249.0;12.0;266.0;6.0;0
34.0;300.0;9.0;318.0;133.0;99.0;0
235.0;156.0;155.0;288.0;209.0;284.0;0
163.0;71.0;20.0;242.0;120.0;153.0;0
102.0;259.0;126.0;228.0;83.0;243.0;0
82.0;207.0;110.0;189.0;143.0;206.0;45
154.0;93.0;180.0;87.0;188.0;89.0;0
74.0;309.0;9.0;367.0;55.0;352.0;0
24.0;33.0;58.0;16.0;40.0;51.0;0
10.2011385;238.64268;292.87027;111.91168;178.22011;24.262896;0
187.0;72.0;220.0;10.0;193.0;11.0;0
157.0;37.0;267.0;1.0;243.0;65.0;0
256.0;65.0;237.0;66.0;247.0;3.0;0
39.0;104.0;73.0;107.0;6.0;97.0;0
89.0;69.0;112.0;13.0;81.0;69.0;0
296.0;35.0;236.0;60.0;272.0;5.0;0
259.0;108.0;227.0;122.0;233.0;127.0;0
8.0;195.0;17.0;201.0;45.0;216.0;202
35.0;260.0;73.0;278.0;40.0;246.0;0
146.0;269.0;145.0;243.0;135.0;281.0;0
145.0;45.0;81.0;61.0;111.0;24.0;0
43.0;281.0;95.0;243.0;143.0;256.0;0
226.0;196.0;71.0;268.0;23.0;263.0;0
93.0;31.0;78.0;23.0;81.0;19.0;10
292.0;269.0;289.0;245.0;231.0;247.0;0
253.0;217.0;225.0;180.0;17.0;274.0;0
54.0;23.0;24.0;56.0;64.0;17.0;0
70.0;149.0;2.0;77.0;48.0;89.0;0
107.0;75.0;21.0;18.0;99.0;49.0;0
125.0;84.0;188.0;140.0;209.0;109.0;0
251.0;34.0;265.0;51.0;35.0;95.0;0
214.0;265.0;211.0;296.0;207.0;283.0;3
80.0;195.0;129.0;166.0;83.0;186.0;0
219.0;265.0;161.0;295.0;205.0;280.0;3
104.0;77.0;140.0;133.0;126.0;105.0;0
41.0;271.0;136.0;175.0;259.0;266.0;0
101.0;287.0;200.0;244.0;168.0;294.0;0
289.0;264.0;192.0;218.0;150.0;230.0;0
44.0;363.0;53.0;365.0;55.0;309.0;238
205.0;222.0;235.0;217.0;265.0;196.0;0
8.0;39.0;8.0;2.0;124.0;38.0;0
299.0;2.0;259.0;7.0;295.0;62.0;0
192.0;55.0;229.0;68.0;224.0;104.0;161
162.0;104.0;285.0;91.0;264.0;124.0;248
46.0;118.0;29.0;112.0;114.0;119.0;0
37.0;156.0;16.0;190.0;25.0;191.0;0
19.0;10.0;44.0;18.0;31.0;39.0;0
59.0;370.0;16.0;350.0;22.0;320.0;0
217.40717;172.465;59.26915;8.118172;173.1314;249.13379;0
158.0;176.0;267.0;206.0;228.86069;131.88342;85
125.92399;87.27214;78.21434;272.19672;29.882526;84.42343;0
64.0;177.0;73.0;150.0;42.0;167.0;226
296.0;116.0;274.0;92.0;54.0;200.0;1
205.0;103.0;162.0;145.0;198.0;92.0;0
100.0;277.0;104.0;297.0;90.0;290.0;0
200.0;289.0;283.0;255.0;294.0;241.0;9
299.0;267.0;275.0;292.0;296.0;276.0;0
102.0;270.0;127.0;223.0;253.0;159.0;0
298.0;163.0;266.0;168.0;51.0;234.0;0
217.0;112.0;176.0;146.0;219.0;109.0;0
231.0;217.0;255.0;200.0;239.0;297.0;0
209.0;150.0;244.0;188.0;234.0;167.0;10
219.0;112.0;199.0;114.0;173.0;140.0;0
254.0;30.0;278.0;28.0;292.0;70.0;0
14.0;176.0;71.0;181.0;32.0;222.0;0
184.0;33.0;199.0;58.0;174.0;10.0;0
173.0;286.0;263.0;298.0;230.53;51.314503;0
71.0;129.0;29.0;136.0;79.0;146.0;9
231.05447;195.86548;71.261444;114.01308;118.60448;222.16353;3
0.0;281.0;52.0;230.0;52.0;294.0;2
241.0;156.0;299.0;174.0;226.0;178.0;0
91.0;230.0;120.0;282.0;183.0;242.0;0
132.28748;286.58185;226.97348;288.56168;105.163994;232.64221;106
291.0;188.0;167.47754;79.92164;76.86491;38.348846;0
264.0;141.0;267.0;90.0;261.0;76.0;0
54.0;269.0;30.0;296.0;141.0;250.0;0
282.0;115.0;247.0;126.0;295.0;106.0;0
147.0;8.0;76.0;62.0;115.0;2.0;0
151.0;250.0;183.0;177.0;277.0;183.0;0
66.92673;214.48611;20.238876;11.209158;140.3397;293.92303;0
92.0;202.0;85.0;217.0;131.0;154.0;14
102.0;259.0;133.0;291.0;103.0;264.0;5
156.0;89.0;280.0;82.0;233.0;79.0;183
219.0;6.0;165.0;20.0;160.0;115.0;0
181.0;194.0;173.0;195.0;209.0;187.0;77
261.0;202.0;39.0;246.0;10.0;255.0;0
254.0;138.0;245.0;107.0;273.0;111.0;0
165.0;4.0;258.0;136.0;235.0;29.0;8
28.0;207.0;65.0;212.0;42.0;221.0;0
81.0;53.0;75.0;0.0;38.0;87.0;0
171.77762;4.902353;24.331892;130.49876;288.50745;176.03374;0
113.0;172.0;178.0;174.0;189.0;187.0;0
198.0;238.0;225.0;252.0;284.0;292.0;0
1.0;179.0;55.0;203.0;61.0;191.0;0
279.0;280.0;272.0;288.0;256.0;262.0;0
214.0;211.0;199.0;198.0;209.0;217.0;0
68.0;271.0;93.0;292.0;144.0;274.0;0
67.0;155.0;44.0;177.0;61.0;181.0;0
2.0;177.0;52.0;200.0;58.0;162.0;0
83.0;159.0;130.0;203.0;103.0;203.0;0
122.0;235.0;157.0;235.0;218.0;287.0;0
143.0;131.0;128.0;101.0;91.0;95.0;0
25.0;58.0;26.0;61.0;7.0;60.0;17
74.0;160.0;110.0;152.0;119.0;157.0;0
216.0;280.0;275.0;285.0;233.0;254.0;0
16.0;283.0;13.0;286.0;34.0;286.0;0
4.0;156.0;121.0;157.0;97.0;193.0;88
186.71516;164.47098;22.153706;82.91564;37.145626;60.50213;0
260.0;126.0;249.0;147.0;257.0;120.0;0
223.0;219.0;176.0;157.0;205.0;208.0;0
70.0;358.0;23.0;332.0;3.0;351.0;0
280.0;75.0;291.0;132.0;272.0;122.0;2
20.0;35.0;139.0;54.0;115.0;59.0;0
157.0;224.0;155.0;167.0;152.0;170.0;242
2.0;84.0;149.0;107.0;90.0;138.0;246
188.0;179.0;150.0;217.0;185.0;187.0;235
273.0;122.0;227.0;115.0;247.0;126.0;4
241.0;79.0;299.0;122.0;196.0;137.0;175
272.0;64.0;287.0;58.0;256.0;7.0;0
148.0;234.0;202.0;166.0;179.0;270.0;1
281.0;17.0;286.0;68.0;263.0;18.0;0
241.0;61.0;238.0;69.0;262.0;11.0;0
170.0;23.0;219.0;46.0;190.0;31.0;0
233.0;296.0;262.0;271.0;267.0;283.0;49
12.0;4.0;61.0;61.0;67.0;47.0;11
96.0;24.0;78.0;73.0;156.0;38.0;0
90.0;101.0;125.0;97.0;213.0;142.0;0
258.0;298.0;249.0;260.0;280.0;257.0;5
285.0;245.0;50.0;357.0;56.0;331.0;0
36.0;351.0;42.0;366.0;15.0;123.0;0
131.0;139.0;101.0;130.0;76.0;99.0;0
137.25967;206.81186;182.6065;101.959984;21.432478;69.1165;0
267.0;255.0;288.0;267.0;254.0;235.0;255
80.0;105.0;86.0;144.0;114.0;76.0;4
282.0;201.0;252.0;196.0;268.0;223.0;2
285.0;218.0;229.0;169.0;279.0;224.0;0
68.0;146.0;88.0;99.0;89.0;127.0;0
249.0;98.0;226.0;132.0;237.0;148.0;164
59.0;134.0;61.0;123.0;41.0;77.0;0
236.0;285.0;245.0;249.0;294.0;280.0;0
96.0;266.0;211.0;282.0;199.0;265.0;0
23.0;199.0;24.0;205.0;24.0;160.0;0
289.0;263.0;15.0;326.0;48.0;344.0;131
247.0;119.0;129.0;278.0;95.0;218.0;2
268.0;9.0;246.0;53.0;235.0;74.0;0
181.0;241.0;201.0;217.0;26.45486;203.58737;24
5.0;55.0;34.0;17.0;54.0;33.0;11
177.0;240.0;210.0;266.0;257.0;260.0;0
259.0;255.0;277.0;251.0;239.0;280.0;0
133.0;92.0;115.0;102.0;129.0;99.0;0
137.0;96.0;128.0;100.0;135.0;123.0;0
276.0;91.0;294.0;129.0;289.0;144.0;0
43.0;339.0;72.0;347.0;29.0;346.0;3
3.0;178.0;14.0;207.0;69.0;151.0;0
279.0;56.0;270.0;59.0;259.0;36.0;0
36.0;158.0;82.0;219.0;118.0;203.0;52
60.0;209.0;65.0;192.0;69.0;209.0;0
240.0;234.0;283.0;291.0;68.0;370.0;152
248.0;211.0;256.0;220.0;233.0;191.0;0
79.0;192.0;99.0;170.0;118.0;164.0;0
281.0;34.0;268.0;42.0;282.0;46.0;0
95.0;184.0;59.0;188.0;44.0;197.0;0
173.0;88.0;150.0;81.0;194.0;143.0;0
291.0;18.0;5.0;123.0;29.0;104.0;0
217.0;161.0;194.0;187.0;187.0;201.0;23
290.0;111.0;246.0;102.0;265.0;118.0;2
221.0;105.0;196.0;101.0;177.0;108.0;0
104.0;140.0;118.0;85.0;81.0;138.0;0
148.0;228.0;105.0;287.0;208.0;242.0;0
25.0;203.0;85.0;226.0;245.0;187.0;0
252.0;86.0;178.0;86.0;241.0;93.0;0
271.0;299.0;258.0;233.0;272.0;234.0;114
33.0;174.0;9.0;174.0;9.0;205.0;0
126.0;213.0;116.0;169.0;136.0;208.0;0
11.0;176.0;30.0;169.0;124.0;198.0;0
192.0;81.0;197.0;85.0;224.0;90.0;0
158.0;115.0;167.0;92.0;243.0;133.0;0
26.0;174.0;58.0;189.0;62.0;191.0;1
273.0;207.0;283.0;206.0;257.0;199.0;184
133.0;45.0;202.0;68.0;158.0;33.0;199
197.58817;159.22954;199.61139;140.60944;10.446382;40.473106;0
160.0;173.0;222.0;158.0;28.67285;11.460538;247
277.0;182.0;244.0;204.0;255.0;192.0;0
119.0;154.0;227.0;217.0;213.0;278.0;0
51.0;91.0;57.0;135.0;131.0;83.0;93
43.0;4.0;5.0;34.0;121.0;40.0;0
169.0;224.0;234.0;180.0;202.0;239.0;0
123.0;108.0;105.0;103.0;193.0;125.0;0
107.0;223.0;84.0;203.0;129.0;219.0;0
71.0;256.0;83.0;269.0;104.0;263.0;0
199.0;96.0;151.0;121.0;153.0;75.0;233
222.0;217.0;174.0;167.0;158.0;285.0;0
142.90176;194.95766;9.0;32.0;21.0;7.0;0
37.0;0.0;33.0;33.0;61.0;3.0;0
58.0;21.0;135.0;35.0;115.0;56.0;0
220.0;244.0;215.0;235.0;214.0;290.0;0
13.0;82.0;9.0;147.0;11.0;21.0;12
189.0;119.0;178.0;133.0;194.0;104.0;0
250.0;258.0;241.0;229.0;238.0;226.0;0
163.0;39.0;167.0;61.0;201.0;31.0;5
186.0;81.0;243.0;137.0;231.0;117.0;0
104.0;104.0;111.0;98.0;88.0;137.0;0
143.0;226.0;160.0;274.0;154.0;256.0;1
176.0;210.0;6.2075434;298.03174;221.18774;20.593405;0
232.0;19.0;298.0;23.0;293.0;43.0;0
230.0;67.0;53.0;101.0;33.0;140.0;22
91.0;198.0;101.0;159.0;79.0;178.0;0
295.0;17.0;235.0;73.0;276.0;54.0;0
250.0;22.0;235.0;28.0;225.0;56.0;0
176.0;216.0;208.0;184.0;168.0;222.0;1
62.0;234.0;3.0;257.0;35.0;249.0;0
65.0;66.0;148.0;48.0;113.0;71.0;0
157.0;153.0;22.193188;128.1633;102.77243;119.16412;0
152.0;253.0;236.0;259.0;227.0;272.0;0
259.0;47.0;232.0;6.0;70.0;118.0;0
15.0;20.0;125.0;44.0;105.0;19.0;0
169.0;213.0;282.0;168.0;263.0;173.0;0
16.0;187.0;143.0;211.0;139.0;215.0;0
244.0;146.0;265.0;91.0;267.0;107.0;236
163.0;153.0;216.0;171.0;166.0;176.0;0
125.0;69.0;97.0;41.0;78.0;62.0;0
8.0;135.0;33.0;107.0;67.0;123.0;0
188.0;217.0;214.0;158.0;180.0;192.0;0
163.0;149.0;227.0;93.0;254.0;133.0;0
136.0;255.0;88.0;258.0;75.0;251.0;0
147.0;183.0;49.0;281.0;197.0;214.0;0
210.0;228.0;262.0;209.0;200.0;175.0;0
244.0;234.0;233.0;238.0;245.0;293.0;88
48.0;353.0;58.0;374.0;51.0;314.0;0
7.0;238.0;83.0;276.0;120.0;293.0;0
44.0;160.0;40.0;214.0;15.0;150.0;0
79.0;25.0;100.0;23.0;93.0;99.0;0
184.0;257.0;196.0;263.0;278.0;256.0;0
65.0;49.0;22.0;43.0;14.0;30.0;214
9.0;291.0;113.0;277.0;150.0;238.0;0
206.0;44.0;288.0;32.0;153.0;5.0;0
50.0;359.0;118.0;90.0;120.0;28.0;0
270.0;42.0;288.0;26.0;295.0;54.0;17
273.0;110.0;295.0;118.0;283.0;138.0;0
266.0;133.0;255.0;141.0;27.0;214.0;0
227.0;226.0;240.0;250.0;237.0;283.0;0
51.0;352.0;37.0;336.0;105.0;102.0;0
49.0;82.0;41.0;91.0;55.0;84.0;0
258.0;201.0;241.0;216.0;152.0;179.0;0
98.0;34.0;191.0;27.0;153.0;62.0;0
186.0;116.0;159.0;125.0;160.0;79.0;255
17.0;266.0;254.0;247.0;207.0;258.0;0
167.0;286.0;150.0;299.0;244.0;280.0;0
285.0;284.0;240.0;226.0;17.0;320.0;0
57.0;337.0;117.0;63.0;108.0;57.0;0
294.0;147.0;245.0;116.0;255.0;79.0;0
248.0;163.0;256.0;214.0;68.0;283.0;0
257.0;99.0;233.0;4.0;201.0;11.0;4
299.0;292.0;272.0;280.0;288.0;275.0;0
82.0;209.0;84.0;186.0;78.0;218.0;0
179.0;218.0;156.0;177.0;199.0;158.0;0
216.0;224.0;171.0;186.0;179.0;213.0;0
199.0;59.0;215.0;11.0;160.0;8.0;0
72.0;365.0;66.0;368.0;70.0;309.0;0
54.0;149.0;54.0;83.0;55.0;78.0;57
261.0;83.0;289.0;125.0;272.0;111.0;1
166.0;220.0;57.22443;165.85764;30.690372;72.44904;243
103.0;277.0;127.0;242.0;98.0;258.0;0
218.0;50.0;181.0;26.0;246.0;111.0;0
189.0;284.0;184.0;244.0;218.0;274.0;174
236.0;251.0;70.0;319.0;49.0;334.0;0
106.0;74.0;90.0;33.0;121.0;50.0;5
259.0;110.0;269.0;121.0;256.0;109.0;0
18.0;35.0;14.0;73.0;98.0;21.0;0
16.0;36.0;6.0;6.0;7.0;26.0;0
170.0;155.0;289.0;221.0;252.0;159.0;0
165.0;293.0;185.0;278.0;168.0;228.0;0
252.18448;173.1372;253.13849;53.01982;24.22285;252.96338;176
49.0;261.0;67.0;232.0;47.0;254.0;150
29.0;132.0;44.0;79.0;33.0;124.0;3
214.0;269.0;181.0;284.0;74.71143;269.55014;97
196.0;157.0;184.0;173.0;179.0;159.0;0
195.0;141.0;287.0;56.0;259.0;109.0;11
113.0;96.0;85.0;88.0;105.0;130.0;0
180.0;198.0;216.0;191.0;181.0;216.0;0
226.0;104.0;222.0;48.0;280.0;129.0;0
164.0;287.0;181.0;291.0;217.0;276.0;0
242.0;246.0;290.0;251.0;286.0;268.0;0
46.0;136.0;69.0;50.0;45.0;54.0;0
1.0;268.0;31.0;287.0;59.0;246.0;0
241.0;3.0;247.0;64.0;260.0;9.0;0
54.0;263.0;148.0;292.0;149.0;267.0;0
117.0;194.0;152.0;219.0;224.0;185.0;1
200.0;121.0;171.0;86.0;185.0;146.0;0
250.0;284.0;244.0;281.0;59.0;367.0;0
7.0;299.0;45.0;271.0;92.0;297.0;0
29.0;270.0;69.0;249.0;49.0;269.0;3
286.0;93.0;245.0;136.0;226.0;113.0;0
162.0;282.0;273.0;281.0;230.0;293.0;0
103.0;37.0;134.0;24.0;76.0;3.0;0
26.0;192.0;96.0;166.0;131.0;163.0;0
47.0;359.0;129.0;68.0;91.0;65.0;255
72.0;270.0;12.0;266.0;68.0;229.0;0
280.0;273.0;37.0;328.0;61.0;308.0;0
13.0;107.0;11.0;92.0;74.0;137.0;0
244.0;90.0;286.0;93.0;293.0;76.0;65
160.0;204.0;274.0;206.0;235.0;198.0;0
134.0;187.0;127.0;152.0;154.0;164.0;0
104.0;172.0;90.0;188.0;126.0;185.0;0
265.0;74.0;229.0;68.0;237.0;59.0;0
289.0;215.0;274.0;211.0;265.0;161.0;0
144.0;187.0;142.0;185.0;122.0;155.0;82
126.0;190.0;148.0;150.0;176.0;218.0;2
12.0;34.0;40.0;46.0;149.0;67.0;0
182.0;23.0;250.0;85.0;158.0;10.0;0
202.0;128.0;101.0;241.0;120.0;184.0;146
238.0;177.0;260.0;218.0;255.0;208.0;208
199.0;4.0;201.0;4.0;203.0;67.0;0
12.0;206.0;81.0;178.0;79.0;188.0;0
160.0;35.0;173.0;22.0;212.0;67.0;42
49.0;37.0;68.0;64.0;26.0;56.0;0
24.0;308.0;12.0;342.0;0.0;315.0;110
34.0;181.0;45.0;173.0;14.0;175.0;0
60.0;308.0;55.0;337.0;16.0;302.0;108
261.0;275.0;276.0;247.0;21.0;370.0;0
16.389101;113.72617;58.0;3.0;66.0;64.0;0
62.0;218.0;142.0;177.0;143.0;157.0;0
245.0;267.0;239.0;255.0;238.0;284.0;191
172.0;49.0;191.0;41.0;174.0;60.0;243
223.0;67.0;14.0;285.0;144.0;237.0;0
164.52893;151.46437;89.39021;58.055347;211.61082;50.511925;255
127.0;110.0;101.0;119.0;166.0;109.0;0
46.0;311.0;5.0;143.0;63.0;42.0;0
42.0;191.0;5.0;290.0;113.0;245.0;0
163.0;13.0;179.0;57.0;155.0;59.0;0
77.0;122.0;116.0;123.0;87.0;145.0;107
94.0;245.0;165.0;229.0;160.0;298.0;0
76.0;9.0;91.0;74.0;93.0;60.0;0
211.0;191.0;212.0;270.0;289.0;162.0;0
235.0;17.0;241.0;12.0;236.0;18.0;170
176.0;248.0;222.0;260.0;195.0;251.0;0
234.0;79.0;33.0;190.0;59.0;161.0;0
13.0;324.0;22.0;344.0;135.0;63.0;0
220.0;112.0;188.0;144.0;210.0;115.0;0
294.0;12.0;273.0;44.0;266.0;61.0;0
0.0;365.0;2.0;339.0;26.0;302.0;0
247.0;25.0;292.0;103.0;248.0;65.0;1
46.0;155.0;44.0;163.0;45.0;205.0;0
7.0;130.0;51.0;131.0;49.0;115.0;0
160.0;235.0;185.0;265.0;166.0;230.0;0
297.402;136.1291;87.86557;151.9334;182.43384;269.46683;177
110.0;156.0;107.0;169.0;141.0;200.0;204
219.04805;117.351166;163.67975;112.72672;282.05765;23.392628;0
221.0;196.0;156.0;158.0;240.0;224.0;232
162.0;212.0;256.0;208.0;296.0;189.0;151
266.0;67.0;252.0;42.0;240.0;6.0;51
120.0;196.0;78.0;183.0;113.0;155.0;3
255.0;260.0;284.0;284.0;67.0;354.0;0
263.0;52.0;17.0;260.0;112.0;180.0;0
209.0;25.0;156.0;2.0;196.0;55.0;2
62.0;106.0;56.0;127.0;3.0;106.0;90
169.0;126.0;219.0;105.0;179.0;130.0;2
291.0;282.0;294.0;238.0;295.0;226.0;0
14.0;91.0;142.0;145.0;80.0;90.0;0
105.416176;211.91095;135.54037;225.61807;228.79942;164.94176;0
295.0;252.0;134.39713;143.38303;294.4819;208.21118;0
248.0;16.0;280.0;19.0;256.0;44.0;0
45.0;147.0;1.0;125.0;54.0;81.0;0
196.0;269.0;158.0;248.0;166.0;233.0;237
214.30702;175.07402;53.728134;214.18523;273.31253;169.36081;0
169.0;45.0;233.0;21.0;291.0;74.0;0
195.0;21.0;165.0;21.0;214.0;68.0;0
227.0;253.0;156.67935;33.435097;98.00747;212.32198;189
233.0;296.0;4.0;352.0;16.0;301.0;0
27.0;291.0;63.0;283.0;56.0;237.0;0
248.0;206.0;295.0;170.0;284.0;220.0;0
76.0;133.0;128.0;131.0;178.0;138.0;0
204.0;42.0;248.0;13.0;248.0;24.0;0
189.0;137.0;260.0;148.0;263.0;144.0;0
246.0;231.0;298.0;268.0;28.0;330.0;1
168.0;177.0;184.0;208.0;280.0;201.0;94
298.0;135.0;22.0;158.0;37.0;219.0;0
188.0;107.0;155.0;92.0;220.0;79.0;218
217.0;157.0;151.0;249.0;173.0;246.0;0
77.02172;83.00881;204.58664;105.22002;7.0;44.0;18
179.0;181.0;174.0;174.0;176.0;173.0;0
240.0;36.0;56.0;124.0;12.0;81.0;1
239.0;24.0;225.0;45.0;283.0;63.0;0
201.0;217.0;181.0;202.0;223.0;163.0;0
41.0;334.0;3.0;359.0;52.0;325.0;0
97.0;13.0;114.0;47.0;130.0;61.0;6
244.0;3.0;237.0;11.0;40.0;96.0;0
12.0;135.0;50.0;116.0;40.0;95.0;0
149.0;80.0;90.0;116.0;84.0;131.0;187
93.0;262.0;107.0;214.0;59.0;282.0;0
27.0;16.0;62.0;0.0;25.0;57.0;0
138.0;156.0;80.0;166.0;101.0;188.0;255
164.0;80.0;175.0;114.0;178.0;80.0;0
298.0;137.0;265.0;92.0;278.0;116.0;0
127.0;67.0;171.0;12.0;185.0;15.0;0
161.0;30.0;160.0;52.0;172.0;65.0;0
64.0;253.0;112.0;279.0;128.0;256.0;1
83.0;146.0;129.0;111.0;117.0;130.0;0
81.0;152.0;155.0;179.0;279.0;271.0;0
207.0;58.0;296.0;52.0;243.0;6.0;0
252.0;146.0;243.0;115.0;268.0;105.0;0
54.0;151.0;30.0;230.0;91.0;264.0;0
196.0;10.0;213.0;50.0;288.0;6.0;0
11.0;165.0;88.0;222.0;123.0;212.0;0
10.953909;278.11377;269.903;280.50723;32.133865;197.77232;0
166.0;217.0;248.0;274.0;269.9634;20.053513;0
81.0;186.0;88.0;202.0;93.0;195.0;0
261.0;292.0;270.0;228.0;229.0;245.0;0
249.0;253.0;219.0;197.0;259.0;164.0;0
217.0;42.0;240.0;31.0;270.0;46.0;0
226.0;222.0;53.280884;281.00143;135.57274;123.411354;0
244.0;10.0;230.0;6.0;261.0;25.0;0
245.0;26.0;234.0;30.0;251.0;39.0;79
18.0;354.0;39.0;303.0;7.0;335.0;0
270.0621;235.84216;188.71451;152.77072;260.67755;94.39673;0
172.0;256.0;265.0;283.0;240.0;284.0;0
82.0;103.0;101.0;108.0;140.0;98.0;0
215.0;146.0;191.0;96.0;297.0;96.0;0
191.0;116.0;156.0;113.0;215.0;115.0;0
167.0;88.0;243.0;129.0;289.0;103.0;0
54.0;200.0;37.0;201.0;33.0;162.0;0
237.0;8.0;283.0;0.0;255.0;62.0;0
172.0;290.0;160.0;269.0;222.0;240.0;0
190.41513;157.9773;105.74164;127.66315;152.5645;277.74692;2
261.49075;269.66635;231.02895;172.7422;265.23645;81.212234;0
180.0;278.0;207.0;294.0;158.0;250.0;2
140.0;251.0;107.0;231.0;148.0;260.0;0
115.0;254.0;174.0;228.0;221.0;297.0;0
291.0;250.0;56.0;317.0;4.0;326.0;0
184.0;182.0;155.0;189.0;159.0;193.0;0
52.0;332.0;40.0;302.0;73.0;333.0;16
134.0;49.0;162.0;22.0;177.0;24.0;0
271.0;159.0;273.0;196.0;280.0;177.0;0
54.0;118.0;2.0;128.0;57.0;129.0;6
113.0;73.0;149.0;18.0;145.0;43.0;0
154.0;87.0;216.0;148.0;217.0;140.0;1
104.0;173.0;149.0;181.0;88.0;197.0;0
51.0;235.0;126.0;225.0;82.0;271.0;2
158.0;294.0;260.0;229.0;287.0;160.0;0
244.0;114.0;73.0;174.0;55.0;155.0;0
299.71286;96.80096;243.945;270.66977;168.94379;78.023674;0
224.0;204.0;267.0;222.0;287.0;213.0;0
162.0;238.0;218.0;297.0;290.0;237.0;0
92.0;4.0;159.0;56.0;208.0;0.0;0
132.96898;242.07997;58.0;45.0;39.0;57.0;224
267.0;66.0;293.0;3.0;287.0;59.0;0
227.0;62.0;260.0;52.0;227.0;8.0;1
217.0;170.0;167.0;162.0;201.0;216.0;0
278.0;193.0;269.0;152.0;172.0;166.0;6
138.0;110.0;139.0;98.0;77.0;83.0;185
239.0;211.0;260.0;158.0;243.0;189.0;0
60.0;129.0;8.0;92.0;15.0;88.0;0
229.0;47.0;44.0;113.0;41.0;125.0;140
155.0;294.0;207.0;233.0;226.0;231.0;0
161.0;206.0;205.0;181.0;221.0;172.0;0
105.0;179.0;206.0;150.0;160.0;174.0;0
45.0;228.0;8.0;277.0;55.0;256.0;0
133.0;206.0;121.0;168.0;88.0;166.0;0
295.50342;90.15948;23.0;63.0;7.0;70.0;0
231.0;155.0;282.0;160.0;233.0;164.0;0
291.0;279.0;285.0;225.0;243.0;293.0;2
167.0;299.0;242.0;269.0;261.0;166.0;33
267.0269;182.75706;137.99976;5.6607013;164.03284;79.873726;3
95.0;166.0;282.0;218.0;292.0;300.0;0
261.0;93.0;261.0;79.0;254.0;114.0;0
254.0;168.0;288.0;169.0;263.0;157.0;187
294.0;144.0;292.0;110.0;276.0;92.0;0
21.0;333.0;19.0;358.0;4.0;309.0;0
116.0;247.0;132.0;282.0;128.0;232.0;0
182.0;280.0;292.0;274.0;297.0;277.0;0
114.0;265.0;180.0;275.0;155.0;231.0;0
297.0;268.0;289.0;197.0;172.0;291.0;0
225.0;210.0;286.0;153.0;255.0;169.0;0
193.0;74.0;241.0;33.0;262.0;54.0;0
298.0;50.0;246.0;13.0;279.0;59.0;0
15.0;359.0;84.0;81.0;101.0;109.0;0
54.0;204.0;37.0;205.0;56.0;214.0;3
20.0;178.0;48.0;191.0;46.0;219.0;0
149.58946;34.7888;202.21323;208.96954;298.3778;224.3485;101
190.0;90.0;233.0;81.0;254.0;120.0;0
133.0;85.0;167.0;117.0;186.0;123.0;0
167.0;121.0;206.0;143.0;152.0;125.0;0
185.0;92.0;51.0;254.0;52.0;236.0;0
135.0;247.0;150.0;288.0;159.0;293.0;0
114.33785;139.47256;72.0721;138.12024;130.61368;53.77555;34
145.0;234.0;95.0;285.0;144.0;264.0;244
137.0;266.0;114.0;269.0;201.0;297.0;0
226.0;119.0;252.0;89.0;291.0;120.0;1
7.0;311.0;34.0;374.0;30.0;327.0;0
244.0;189.0;258.0;298.0;279.0;284.0;0
10.0;282.0;136.0;255.0;134.0;298.0;0
43.56694;184.72455;179.77689;228.7183;190.1096;88.21584;0
194.0;229.0;280.0;271.0;258.0;288.0;0
297.0;225.0;55.521835;38.112526;112.291;138.18106;0
80.0;13.0;142.0;30.0;146.0;18.0;0
43.0;103.0;20.0;148.0;23.0;99.0;0
174.98114;71.622955;47.0;38.0;73.0;60.0;0
113.0;267.0;200.0;255.0;159.0;243.0;0
162.0;16.0;204.0;12.0;162.0;51.0;11
143.0;154.0;100.0;160.0;97.0;167.0;229
140.0;224.0;116.0;174.0;117.0;160.0;239
40.943207;44.519207;8.427805;68.91237;16.0;2.0;251
167.06654;102.727905;198.28738;215.30878;110.34835;152.72972;0
16.0;82.0;27.0;99.0;10.0;106.0;0
52.0;123.0;141.0;113.0;91.0;122.0;166
274.0;289.0;271.0;264.0;54.0;358.0;0
50.0;258.0;35.0;259.0;30.0;299.0;2
144.0;246.0;88.0;257.0;130.0;247.0;0
163.05841;0.5091353;61.0;49.0;54.0;70.0;0
172.0;113.0;225.0;143.0;268.0;7.0;0
223.0;250.0;263.0;157.0;160.0;220.0;221
164.0;230.0;185.0;288.0;191.0;291.0;0
117.0;73.0;47.0;112.0;94.0;13.0;188
189.0;256.0;176.0;255.0;202.0;260.0;11
216.0;249.0;230.0;274.0;257.0;226.0;0
246.0;220.0;239.0;210.0;9.0;262.0;3
12.0;124.0;24.0;41.0;118.0;33.0;0
58.0;94.0;100.0;76.0;145.0;110.0;214
3.0;212.0;56.0;176.0;79.0;201.0;1
98.0;170.0;103.0;191.0;101.0;183.0;0
94.0;111.0;91.0;141.0;176.0;89.0;87
271.0;253.0;22.0;324.0;13.0;352.0;0
260.0;17.0;258.0;56.0;228.0;17.0;0
26.0;112.0;67.0;81.0;4.0;102.0;0
241.0;123.0;259.0;143.0;250.0;90.0;0
59.0;218.0;122.0;200.0;131.0;258.0;0
83.0;202.0;134.0;185.0;83.0;153.0;65
290.0;146.0;251.0;121.0;285.0;77.0;0
73.0;367.0;21.0;365.0;42.0;303.0;0
282.42603;144.10191;166.45226;79.14465;96.70866;8.947749;0
247.0;129.0;275.0;139.0;248.0;100.0;45
294.0;292.0;10.0;328.0;74.0;368.0;20
152.0;265.0;192.0;229.0;234.0;244.0;0
85.0;271.0;85.0;255.0;147.0;256.0;216
65.0;282.0;29.0;250.0;108.0;292.0;0
250.0;53.0;277.0;28.0;225.0;41.0;0
177.0;56.0;193.0;38.0;267.0;61.0;34
272.0;182.0;226.0;215.0;249.0;162.0;3
269.0;8.0;24.0;91.0;3.0;124.0;0
197.0;83.0;273.0;85.0;298.0;92.0;0
248.0;178.0;262.0;179.0;261.0;163.0;8
49.0;124.0;51.0;119.0;50.0;99.0;0
228.0;111.0;262.0;80.0;238.0;137.0;0
43.0;102.0;70.0;78.0;128.0;124.0;0
208.0;236.0;176.0;235.0;191.0;269.0;10
153.0;256.0;222.0;253.0;165.0;299.0;0
210.0;153.0;150.0;159.0;194.0;168.0;1
112.0;134.0;117.0;134.0;89.0;80.0;0
196.0;290.0;210.0;256.0;191.0;294.0;0
20.0;352.0;64.0;365.0;13.0;318.0;0
24.0;105.0;52.0;108.0;47.0;84.0;1
81.0;126.0;136.0;124.0;121.0;88.0;0
51.0;338.0;82.0;42.0;76.0;138.0;17
202.0;44.0;173.0;73.0;283.0;55.0;229
184.0;175.0;189.0;209.0;221.0;172.0;19
19.0;79.0;10.0;119.0;29.0;99.0;5
180.0;180.0;196.0;172.0;207.0;155.0;0
197.0;189.0;209.0;179.0;204.0;202.0;0
172.0;133.0;187.0;120.0;208.0;86.0;0
195.0;135.0;157.0;82.0;213.0;78.0;0
59.0;94.0;101.0;82.0;14.0;58.0;0
205.0;136.0;196.0;28.0;240.0;95.0;13
24.0;361.0;74.0;302.0;72.0;366.0;219
281.0;76.0;234.0;119.0;225.0;140.0;0
61.0;36.0;25.0;48.0;35.0;2.0;56
44.0;192.0;136.0;199.0;125.0;283.0;151
24.0;99.0;110.0;103.0;106.0;109.0;0
195.0;170.0;283.0;230.0;282.0;265.0;0
238.0;165.0;281.0;177.0;258.0;211.0;0
165.0;299.0;154.0;238.0;207.0;241.0;66
231.0;251.0;57.0;306.0;6.0;302.0;0
156.0;34.0;209.0;37.0;153.0;110.0;0
133.0;20.0;113.0;57.0;88.0;28.0;0
10.0;73.0;4.0;54.0;10.0;48.0;0
153.0;135.0;172.0;119.0;222.0;111.0;0
213.0;199.0;157.0;195.0;207.0;195.0;0
159.0;100.0;209.0;111.0;159.0;105.0;97
19.0;23.0;48.0;66.0;25.0;47.0;0
42.0;166.0;22.0;217.0;16.0;183.0;0
