57.0;177.0;74.0;171.0;123.0;158.0;136
151.0;141.0;179.0;104.0;172.0;110.0;23
14.0;202.0;11.0;228.0;36.0;97.0;22
83.0;150.0;51.0;164.0;72.0;195.0;35
144.0;136.0;175.0;100.0;169.0;121.0;11
10.0;35.0;3.0;38.0;59.0;18.0;170
10.0;124.0;87.0;103.0;76.0;116.0;170
116.0;163.0;108.0;197.0;95.0;158.0;144
108.0;166.0;107.0;158.0;111.0;178.0;183
57.0;9.0;82.0;27.0;83.0;17.0;18
57.0;134.0;67.0;124.0;47.0;113.0;137
146.0;130.0;36.0;161.0;38.0;168.0;153
103.0;90.0;118.0;82.0;109.0;70.0;10
70.914375;189.31151;117.00372;49.06702;19.0;32.0;19
66.0;8.0;73.0;23.0;67.0;2.0;20
42.0;234.0;28.0;215.0;9.0;223.0;23
162.0;3.0;34.0;98.0;26.0;91.0;176
62.0;145.0;37.0;193.0;157.0;155.0;155
55.0;162.0;110.0;156.0;95.0;166.0;156
107.0;169.0;112.0;183.0;113.0;163.0;164
54.0;165.0;42.0;185.0;65.0;160.0;181
85.0;51.0;50.0;96.0;74.0;89.0;27
145.0;8.0;131.0;53.0;147.0;26.0;41
171.0;1.0;143.0;48.0;174.0;27.0;58
58.0;45.0;74.0;47.0;83.0;19.0;46
52.0;116.0;64.0;109.0;80.0;137.0;22
136.0;75.0;172.0;74.0;137.0;94.0;184
112.0;59.0;80.0;176.0;46.0;177.0;171
130.0;108.0;117.0;140.0;130.0;126.0;160
82.0;45.0;83.0;42.0;76.0;20.0;19
37.0;29.0;16.0;36.0;71.0;44.0;26
133.0;145.0;114.0;148.0;116.0;135.0;139
21.0;151.0;20.0;157.0;36.0;168.0;61
63.0;5.0;47.0;40.0;63.0;13.0;188
17.0;198.0;35.0;156.0;27.0;183.0;143
104.0;3.0;131.0;11.0;164.0;3.0;147
147.0;61.0;44.0;113.0;5.0;111.0;50
116.75331;157.37486;7.0;6.0;6.0;7.0;20
63.0;92.0;73.0;63.0;77.0;50.0;154
147.0;131.0;144.0;141.0;37.0;198.0;40
33.0;80.0;36.0;83.0;44.0;52.0;24
103.0;55.0;133.0;79.0;96.0;83.0;22
122.0;197.0;109.0;152.0;103.0;176.0;13
118.0;102.0;98.0;148.0;100.0;109.0;11
116.0;197.0;122.0;157.0;133.0;153.0;40
140.0;54.0;139.0;76.0;13.0;111.0;35
46.0;155.0;65.0;162.0;60.0;198.0;9
5.0;140.0;13.0;127.0;36.0;145.0;185
50.0;149.0;102.0;116.0;91.0;100.0;95
39.0;176.0;89.0;168.0;80.0;198.0;151
138.0;144.0;143.0;122.0;152.0;109.0;189
87.0;49.0;119.0;26.0;131.0;48.0;6
69.0;138.0;87.0;135.0;82.0;145.0;15
19.0;162.0;57.0;182.0;84.0;165.0;149
159.0;82.0;31.0;108.0;35.0;127.0;155
82.0;130.0;8.0;163.0;155.0;162.0;16
127.0;67.0;108.0;85.0;106.0;87.0;105
156.0;64.0;71.0;112.0;36.0;177.0;162
129.0;60.0;156.0;85.0;169.0;97.0;79
85.0;161.0;23.0;107.0;9.0;181.0;17
33.0;39.0;10.0;9.0;62.0;0.0;131
2.0;77.0;25.0;80.0;21.0;63.0;54
159.0;140.0;169.0;114.0;168.0;130.0;54
4.0;223.0;16.0;3.0;83.0;47.0;94
58.0;179.0;65.0;154.0;79.0;171.0;40
19.0;42.0;17.0;27.0;3.0;37.0;13
3.0;6.0;41.0;11.0;1.0;34.0;165
151.0;121.0;25.0;152.0;20.0;170.0;172
22.0;212.0;44.0;215.0;5.0;230.0;46
115.0;193.0;103.0;194.0;62.327152;139.34988;28
2.1764143;167.73265;52.154655;135.28123;37.0;8.0;163
21.0;234.0;60.0;27.0;49.0;42.0;8
16.0;200.0;29.0;209.0;31.0;236.0;33
75.0;14.0;116.0;4.0;98.0;45.0;139
48.0;32.0;58.0;32.0;53.0;1.0;74
143.0;1.0;96.0;39.0;134.0;91.0;176
131.0;27.0;156.0;74.0;101.0;59.0;29
82.0;66.0;51.0;58.0;55.0;69.0;14
13.0;154.0;29.0;169.0;13.0;184.0;31
162.0;130.0;151.0;110.0;25.0;184.0;136
54.0;97.0;81.0;74.0;85.0;75.0;21
44.0;220.0;79.0;45.0;32.0;90.0;26
131.0;26.0;107.0;45.0;165.0;23.0;180
167.0;144.0;145.0;112.0;147.0;105.0;145
120.0;146.0;109.0;148.0;111.0;133.0;24
134.0;186.0;114.0;154.0;114.0;197.0;169
110.0;75.0;152.0;37.0;144.0;57.0;161
121.0;134.0;114.0;126.0;116.0;126.0;10
65.0;6.0;52.0;11.0;72.0;12.0;152
50.0;27.0;79.0;42.0;82.0;19.0;12
113.0;137.0;105.0;111.0;132.0;144.0;12
110.0;186.0;124.0;181.0;113.0;158.0;146
31.0;221.0;43.0;228.0;2.0;213.0;50
173.0;17.0;40.0;80.0;29.0;72.0;161
36.0;131.0;43.0;139.0;54.0;110.0;19
110.0;27.0;123.0;1.0;90.0;29.0;37
6.0;50.0;13.0;54.0;41.0;99.0;39
121.0;95.0;95.0;94.0;107.0;57.0;162
82.53049;59.663;55.58387;162.25113;88.15914;34.29644;179
3.0;130.0;24.0;100.0;27.0;124.0;27
63.0;170.0;72.0;156.0;120.0;157.0;185
119.0;29.0;117.0;41.0;119.0;15.0;158
172.0;117.0;143.0;128.0;173.0;113.0;18
32.0;95.0;78.0;92.0;68.0;96.0;150
143.0;166.0;160.0;191.0;22.0;216.0;47
22.0;245.0;18.0;249.0;35.0;209.0;67
31.0;183.0;170.0;159.0;158.0;165.0;165
67.0;5.0;59.0;24.0;83.0;47.0;167
177.0;162.0;146.0;157.0;162.0;161.0;140
118.0;52.0;157.0;80.0;169.0;75.0;18
153.0;134.0;159.0;126.0;136.0;104.0;20
48.163002;47.007645;88.38784;112.03107;68.25359;57.296753;21
55.0;193.0;54.0;176.0;71.0;174.0;11
78.0;131.0;4.0;191.0;73.0;136.0;137
7.0;81.0;12.0;77.0;49.0;80.0;46
102.0;27.0;97.0;36.0;121.0;1.0;18
140.0;183.0;19.0;230.0;19.0;203.0;118
123.0;186.0;112.0;189.0;98.0;162.0;134
148.0;126.0;140.45757;156.67316;172.26733;49.96073;163
136.0;154.0;177.0;198.0;31.0;200.0;162
119.0;158.0;165.0;196.0;136.0;191.0;144
156.0;109.0;144.0;119.0;159.0;134.0;4
65.0;135.0;61.0;129.0;123.0;133.0;76
72.0;47.0;55.0;18.0;87.0;8.0;94
153.0;137.0;171.0;139.0;177.0;119.0;30
161.0;147.0;7.934334;66.03396;122.0611;84.48664;13
129.0;7.0;97.0;11.0;118.0;24.0;125
30.0;63.0;52.0;75.0;51.0;73.0;18
150.02475;125.77932;55.71364;117.3921;0.0;5.0;152
66.0;161.0;176.0;160.0;142.0;145.0;114
125.0;15.0;151.0;20.0;158.0;2.0;21
83.0;170.0;86.0;182.0;52.0;177.0;37
9.0;199.0;78.0;175.0;70.0;156.0;30
129.0;149.0;106.0;149.0;110.0;138.0;42
113.0;168.0;158.0;154.0;155.0;188.0;13
43.74223;25.469362;154.01826;128.93935;24.0;23.0;154
92.0;73.0;134.0;79.0;108.0;59.0;133
54.0;183.0;88.0;160.0;111.0;160.0;93
125.0;138.0;134.0;113.0;169.03845;88.91981;22
162.0;99.0;19.0;107.0;27.0;146.0;16
177.0;199.0;2.0;211.0;3.0;214.0;154
23.0;27.0;33.0;45.0;60.0;43.0;20
105.0;57.0;111.0;56.0;126.0;51.0;189
136.0;153.0;164.0;172.0;167.0;185.0;19
118.0;171.0;112.0;183.0;105.0;189.0;23
138.94148;43.32627;74.16219;98.10052;152.18279;72.81784;28
112.0;37.0;114.0;33.0;111.0;0.0;27
154.0;172.0;138.0;106.0;172.0;140.0;135
22.0;177.0;59.0;154.0;57.0;195.0;149
2.0;226.0;27.0;212.0;39.0;210.0;39
119.59791;187.30724;109.24211;62.336945;6.8867083;101.93621;27
160.0;175.0;173.0;167.0;166.0;157.0;55
49.0;109.0;96.0;125.0;93.0;105.0;7
109.0;39.0;97.0;27.0;105.0;11.0;25
129.0;133.0;98.0;112.0;169.0;172.0;73
130.0;126.0;114.0;141.0;116.0;140.0;156
34.0;85.0;4.0;98.0;6.0;56.0;163
5.0;21.0;31.0;36.0;0.0;26.0;157
146.0;191.0;7.0;235.0;4.0;207.0;143
77.0;119.0;48.0;141.0;89.0;119.0;179
91.0;47.0;128.0;12.0;115.0;36.0;14
6.0;247.0;26.0;25.0;86.0;19.0;156
144.0;110.0;142.0;197.0;26.441355;134.34863;15
128.0;58.0;112.0;90.0;138.0;49.0;71
81.0;44.0;66.0;49.0;72.0;14.0;71
100.0;117.0;96.0;128.0;124.0;135.0;33
129.0;182.0;99.0;166.0;106.0;188.0;125
139.0;196.0;3.0;220.0;41.0;223.0;36
67.0;191.0;42.0;135.0;60.0;105.0;13
14.0;128.0;166.0;196.0;172.0;136.0;129
91.0;104.0;133.0;161.0;181.0;189.0;19
174.0;4.0;140.0;43.0;34.0;63.0;144
47.0;111.0;84.0;113.0;58.0;148.0;20
179.0;158.0;153.0;199.0;170.0;161.0;24
50.206364;136.52615;16.0;46.0;4.0;49.0;166
154.0;135.0;172.0;144.0;176.0;133.0;37
177.0;142.0;163.0;149.0;151.0;144.0;74
165.0;120.0;165.0;174.0;102.0;113.0;166
150.0;68.0;153.0;63.0;168.0;55.0;148
47.0;2.0;53.0;2.0;91.0;43.0;104
3.0;14.0;26.0;37.0;27.0;48.0;145
1.0;98.0;3.0;86.0;29.0;60.0;161
1.0;195.0;9.0;107.0;81.0;141.0;88
9.0;64.0;16.0;84.0;18.0;86.0;139
129.0;142.0;122.0;100.0;108.0;121.0;19
160.0;151.0;177.0;183.0;165.0;185.0;6
61.0;105.0;57.0;141.0;75.0;139.0;83
113.0;109.0;90.0;147.0;123.0;121.0;86
77.0;104.0;60.0;132.0;85.0;119.0;149
15.0;213.0;24.0;227.0;13.0;47.0;61
172.0;104.0;144.0;139.0;147.0;143.0;26
152.0;172.0;164.0;157.0;136.0;158.0;171
123.0;178.0;116.0;171.0;144.0;196.0;151
96.0;173.0;93.0;195.0;106.0;194.0;24
41.0;63.0;40.0;77.0;26.0;95.0;133
27.0;1.0;4.0;18.0;34.0;17.0;52
3.0;53.0;32.0;51.0;1.0;62.0;23
123.765854;131.05008;124.59137;101.02355;109.490425;133.31262;180
167.0;190.0;168.0;196.0;158.0;173.0;164
72.0;56.0;62.0;73.0;123.0;58.0;30
13.0;116.0;50.0;108.0;70.0;100.0;166
146.0;105.0;152.0;110.0;142.0;114.0;17
126.0;44.0;157.0;36.0;153.0;38.0;174
144.0;17.0;141.0;43.0;178.0;13.0;133
62.0;73.0;103.0;60.0;126.0;62.0;171
171.0;129.0;108.0;159.0;171.0;175.0;12
149.0;122.0;137.0;131.0;153.0;136.0;118
11.0;10.0;20.0;10.0;48.0;39.0;132
45.0;90.0;71.0;91.0;51.0;87.0;184
91.0;99.0;127.0;60.0;157.0;94.0;143
7.0;200.0;21.0;249.0;24.0;219.0;154
126.53682;74.42014;19.621466;157.46608;41.0;41.0;121
74.0;70.0;66.0;84.0;80.0;61.0;25
44.0;229.0;2.0;81.0;59.0;72.0;27
14.0;101.0;9.0;142.0;3.0;126.0;144
49.0;60.0;66.0;88.0;130.0;52.0;25
81.0;85.0;63.0;91.0;89.0;54.0;29
98.0;24.0;140.0;4.0;142.0;37.0;141
45.0;180.0;49.0;198.0;85.0;160.0;27
81.0;115.0;52.0;129.0;82.0;112.0;180
89.0;198.0;45.0;122.0;16.0;126.0;12
42.0;144.0;29.0;104.0;88.0;124.0;148
163.0;154.0;32.0;232.0;10.0;201.0;161
12.0;55.0;6.0;86.0;0.0;73.0;157
76.0;50.0;88.0;69.0;128.0;95.0;7
28.0;111.0;2.0;140.0;8.0;120.0;12
105.0;127.0;137.0;122.0;95.0;125.0;168
110.990974;176.77293;100.7984;71.03909;18.0;28.0;183
82.0;177.0;52.0;184.0;85.0;179.0;83
79.0;139.0;20.0;170.0;89.0;158.0;133
79.0;140.0;71.0;145.0;75.0;109.0;150
102.0;155.0;123.0;185.0;103.0;160.0;35
164.0;14.0;143.0;29.0;154.0;9.0;60
40.67415;50.896442;64.621796;50.007618;6.7457814;134.41031;18
21.0;171.0;42.0;163.0;58.0;162.0;190
154.0;87.0;141.0;66.0;27.0;114.0;22
41.0;222.0;2.0;245.0;40.0;244.0;134
26.0;19.0;15.0;30.0;15.0;12.0;92
165.0;108.0;172.0;139.0;157.0;104.0;176
123.0;185.0;108.0;185.0;174.0;187.0;28
113.0;144.0;137.0;108.0;174.0;117.0;120
25.0;36.0;74.0;25.0;50.0;34.0;151
92.0;180.0;175.0;193.0;135.0;189.0;24
112.0;10.0;168.0;89.0;105.0;23.0;50
148.0;105.0;156.0;139.0;1.0;156.0;125
112.0;121.0;110.0;139.0;121.0;122.0;15
35.0;90.0;17.0;95.0;18.0;50.0;29
37.0;19.0;69.0;14.0;77.0;49.0;23
148.69601;117.293106;156.2227;74.97499;152.4148;36.528576;111
77.0;193.0;85.0;183.0;124.0;150.0;186
17.0;119.0;9.0;126.0;41.0;124.0;22
116.0;93.0;113.0;99.0;128.0;64.0;48
103.0;189.0;103.0;153.0;127.0;152.0;27
41.0;136.0;45.0;134.0;64.0;100.0;22
140.0;183.0;142.0;184.0;149.0;151.0;43
106.0;76.0;166.0;69.0;178.0;95.0;23
150.0;153.0;137.0;196.0;148.0;152.0;13
152.0;192.0;164.0;155.0;165.0;192.0;135
24.0;157.0;42.0;168.0;31.0;198.0;10
132.0;124.0;94.0;142.0;108.0;124.0;63
89.711136;3.690505;97.23129;47.24618;125.55223;173.59502;163
144.0;47.0;146.0;0.0;135.0;19.0;158
135.0;174.0;148.0;191.0;5.0;210.0;148
148.0;198.0;158.0;192.0;168.0;157.0;19
173.0;169.0;179.73093;48.860313;120.937294;147.12305;18
164.0;96.0;176.0;58.0;42.0;147.0;127
84.0;120.0;169.0;100.0;94.0;112.0;145
71.0;171.0;90.0;161.0;104.0;190.0;14
12.0;77.0;44.0;81.0;20.0;54.0;47
179.0;181.0;154.0;194.0;145.0;193.0;27
134.0;155.0;97.0;184.0;177.0;164.0;90
34.208397;115.53229;163.22314;136.55893;135.12526;28.82893;187
143.0;67.0;140.0;62.0;139.0;89.0;33
82.0;170.0;81.0;182.0;74.0;180.0;155
172.0;27.0;25.0;183.0;72.0;138.0;14
136.0;14.0;162.0;43.0;175.0;31.0;168
96.0;89.0;9.0;164.0;19.0;141.0;56
65.0;185.0;83.0;198.0;69.0;153.0;167
84.0;195.0;63.0;193.0;47.0;150.0;52
56.0;135.0;55.0;110.0;50.0;140.0;28
62.0;173.0;110.0;172.0;94.0;162.0;20
114.0;149.0;106.0;103.0;144.0;101.0;28
110.0;14.0;93.0;13.0;90.0;6.0;18
130.0;162.0;110.0;191.0;159.0;195.0;103
29.0;234.0;65.0;29.0;47.0;76.0;154
104.0;120.0;92.0;122.0;136.0;110.0;23
161.0;71.0;1.0;120.0;19.0;104.0;12
25.0;33.0;0.0;8.0;73.0;18.0;164
175.0;14.0;149.0;48.0;154.0;31.0;140
20.0;14.0;27.0;29.0;28.0;61.0;8
92.0;177.0;102.0;160.0;123.0;188.0;172
168.0;125.0;29.0;199.0;8.0;177.0;16
4.0;247.0;31.0;33.0;31.0;1.0;42
39.0;153.0;17.0;194.0;44.0;150.0;40
126.0;41.0;133.0;90.0;122.0;48.0;72
24.0;87.0;12.0;70.0;19.0;57.0;15
131.0;171.0;126.0;168.0;108.0;161.0;24
84.0;174.0;69.0;159.0;125.0;164.0;181
67.0;70.0;105.0;84.0;132.0;50.0;9
127.0;194.0;116.0;171.0;163.0;179.0;71
129.0;9.0;108.0;29.0;110.0;15.0;17
109.24064;180.02095;123.33058;128.93929;109.9947;126.442505;22
117.0;98.0;100.0;88.0;135.0;18.0;150
162.0;4.0;141.0;32.0;142.0;42.0;56
161.0;141.0;148.0;144.0;136.0;112.0;26
154.0;173.0;142.0;181.0;140.0;186.0;24
64.0;17.0;80.0;39.0;54.0;48.0;187
161.0;84.0;19.0;116.0;30.0;126.0;9
83.0;13.0;83.0;15.0;87.0;45.0;57
14.0;221.0;22.0;217.0;77.0;85.0;35
86.0;42.0;74.0;30.0;78.0;5.0;42
18.0;157.0;57.0;160.0;71.0;163.0;60
0.0;96.0;34.0;62.0;78.0;56.0;91
63.0;53.0;66.0;80.0;74.0;56.0;28
1.0;34.0;10.0;24.0;29.0;2.0;147
118.0;139.0;114.0;122.0;111.0;111.0;126
61.0;146.0;85.0;131.0;53.0;149.0;35
126.0;188.0;90.0;183.0;128.0;192.0;6
35.0;212.0;18.0;228.0;50.0;55.0;158
95.0;176.0;108.0;199.0;142.0;163.0;173
32.0;132.0;82.0;145.0;55.0;117.0;140
136.05054;90.96856;60.876434;62.34069;46.023945;189.01935;24
136.0;40.0;159.0;24.0;172.0;0.0;176
120.0;125.0;180.88985;137.03964;94.51742;182.47253;42
23.0;109.0;88.0;119.0;71.0;123.0;13
24.0;138.0;83.0;122.0;135.0;120.0;21
170.0;53.0;156.0;99.0;135.0;51.0;8
59.0;20.0;84.0;35.0;68.0;33.0;23
0.0;152.0;8.0;179.0;24.0;183.0;134
42.0;119.0;90.0;181.0;75.0;143.0;17
19.71345;128.48547;125.75006;184.99042;68.75719;56.99674;148
109.0;137.0;92.0;195.0;91.0;113.0;147
111.0;141.0;107.0;111.0;111.0;109.0;27
141.34166;61.625526;108.68095;0.7253885;151.25586;140.5272;111
165.0;170.0;165.0;186.0;144.0;176.0;132
119.0;133.0;103.0;140.0;125.0;136.0;61
25.0;41.0;30.0;14.0;22.0;23.0;99
11.0;49.0;18.0;31.0;30.0;25.0;57
178.0;150.0;149.0;192.0;139.0;197.0;27
112.0;153.0;125.0;191.0;100.0;152.0;169
30.0;242.0;9.0;202.0;33.0;244.0;26
142.359;162.43387;104.20031;90.09309;35.0;33.0;57
127.0;42.0;98.0;38.0;129.0;17.0;28
62.0;71.0;66.0;99.0;58.0;93.0;180
170.0;178.0;159.0;185.0;5.0;205.0;183
180.0;183.0;143.0;122.0;114.0;182.0;50
122.0;194.0;113.0;180.0;158.0;175.0;194
105.0;45.0;125.0;6.0;109.0;39.0;38
58.0;26.0;69.0;34.0;86.0;17.0;135
163.95262;34.319794;14.061259;84.1873;160.93007;117.45902;149
159.0;188.0;139.0;153.0;146.0;191.0;20
79.0;21.0;75.0;25.0;45.0;11.0;22
68.0;44.0;100.0;28.0;112.0;22.0;106
92.0;169.0;124.0;186.0;98.0;195.0;155
110.0;190.0;115.0;167.0;92.0;195.0;73
130.0;135.0;90.0;139.0;99.0;119.0;17
18.0;202.0;23.0;244.0;17.0;239.0;13
74.90303;7.0821047;24.0;32.0;4.0;47.0;139
95.62998;185.57687;32.803513;166.68062;149.5541;167.5057;108
65.0;59.0;74.0;99.0;56.0;60.0;32
104.0;165.0;110.0;162.0;92.0;165.0;112
91.0;73.0;114.0;70.0;129.0;77.0;28
90.0;169.0;117.0;180.0;97.0;183.0;25
150.0;32.0;163.0;12.0;149.0;4.0;109
26.0;210.0;68.0;27.0;65.0;50.0;42
160.0;17.0;144.0;26.0;141.0;0.0;18
145.0;175.0;156.0;177.0;145.0;182.0;29
117.0;127.0;95.0;155.0;124.98482;17.313026;138
14.0;151.0;22.0;172.0;6.0;179.0;14
43.0;113.0;73.0;178.0;26.0;156.0;42
47.0;141.0;86.0;111.0;65.0;106.0;24
106.0;79.0;113.0;70.0;125.0;52.0;91
18.0;0.0;36.0;20.0;28.0;4.0;176
21.0;208.0;33.0;200.0;19.0;209.0;111
23.0;160.0;15.0;192.0;38.0;194.0;170
101.0;66.0;140.0;81.0;163.0;73.0;85
155.0;182.0;31.0;240.0;6.0;202.0;21
72.0;15.0;63.0;2.0;9.0;82.0;23
172.0;26.0;102.0;59.0;144.0;6.0;120
126.0;11.0;119.0;25.0;127.0;4.0;23
89.0;6.0;16.0;37.0;86.0;58.0;99
163.0;172.0;174.0;171.0;143.0;170.0;176
62.0;156.0;59.0;167.0;79.0;161.0;166
115.0;198.0;90.0;161.0;132.0;152.0;16
28.0;14.0;18.0;2.0;38.0;4.0;61
118.0;126.0;111.0;106.0;124.0;123.0;63
161.0;194.0;163.0;138.0;105.0;135.0;29
156.0;154.0;148.0;168.0;157.0;194.0;8
20.0;102.0;28.0;122.0;17.0;102.0;184
21.0;183.0;41.0;166.0;7.0;164.0;21
141.0;52.0;160.0;82.0;23.0;138.0;147
67.0;82.0;69.0;87.0;67.0;60.0;19
28.0;229.0;25.0;35.0;1.0;1.0;57
47.0;182.0;129.0;165.0;100.0;155.0;143
157.74467;178.70276;89.600914;87.040054;9.0;49.0;42
107.0;53.0;97.0;91.0;104.0;96.0;23
109.0;21.0;125.0;37.0;112.0;3.0;153
39.0;190.0;23.0;175.0;40.0;181.0;105
119.0;139.0;122.0;139.0;126.0;110.0;7
114.0;146.0;155.0;166.0;108.0;164.0;76
157.0;199.0;160.0;169.0;119.0;188.0;63
33.0;115.0;80.0;130.0;70.0;131.0;39
140.0;51.0;168.0;61.0;161.0;54.0;145
138.0;41.0;9.0;52.0;40.0;84.0;154
73.0;84.0;122.0;86.0;101.0;75.0;131
143.0;8.0;169.0;44.0;35.0;59.0;45
19.0;102.0;45.0;116.0;77.0;134.0;154
63.37626;66.774765;14.621727;54.066265;21.0;23.0;146
41.0;233.0;15.0;210.0;24.0;233.0;173
85.0;126.0;57.0;111.0;77.0;116.0;136
14.0;205.0;43.0;249.0;30.0;228.0;11
40.29827;111.9537;51.513176;120.502304;140.17474;75.28238;171
106.0;89.0;134.0;82.0;106.0;70.0;19
152.0;91.0;146.0;68.0;156.0;69.0;162
179.0;155.0;145.0;193.0;140.0;162.0;26
177.0;145.0;139.0;141.0;177.0;115.0;10
102.0;26.0;48.0;110.0;77.0;118.0;172
69.0;30.0;52.0;12.0;50.0;32.0;23
16.0;232.0;40.0;203.0;13.0;76.0;32
116.0;53.0;123.0;87.0;106.0;97.0;36
165.0;173.0;150.0;198.0;159.0;159.0;54
167.20717;53.108833;62.360386;196.47655;96.66403;32.29903;17
92.0;160.0;28.966433;43.18023;146.31535;135.53436;120
152.0;199.0;106.0;198.0;160.0;177.0;142
141.0;158.0;9.0;207.0;10.0;225.0;26
148.0;146.0;176.0;138.0;157.0;102.0;147
18.0;107.0;44.0;106.0;34.0;129.0;147
56.0;143.0;108.0;115.0;107.0;124.0;8
117.0;165.0;130.0;151.0;141.0;195.0;76
32.0;91.0;6.0;50.0;44.0;84.0;186
70.0;42.0;75.0;37.0;129.0;32.0;26
31.0;89.0;9.0;64.0;26.0;61.0;162
172.0;41.0;104.0;53.0;170.0;40.0;46
130.0;81.0;160.0;88.0;141.0;85.0;67
46.0;173.0;80.0;191.0;47.0;170.0;74
165.1744;137.2466;166.65793;137.71304;5.5072618;108.5294;23
56.0;186.0;80.0;154.0;102.0;168.0;30
63.0;72.0;66.0;78.0;79.0;75.0;35
85.0;189.0;78.0;181.0;72.0;159.0;146
33.0;42.0;11.0;4.0;20.0;49.0;193
85.0;77.0;88.0;79.0;45.0;52.0;141
135.0;125.0;160.0;147.0;179.0;146.0;25
141.0;22.0;152.0;10.0;164.0;14.0;24
79.0;88.0;75.0;90.0;65.0;64.0;128
140.0;36.0;151.0;21.0;149.0;32.0;22
12.0;8.0;51.0;0.0;52.0;48.0;176
39.0;159.0;41.0;178.0;26.0;158.0;18
118.0;156.0;153.0;188.0;172.0;177.0;90
131.0;74.0;110.0;83.0;101.0;62.0;164
79.734314;15.384245;146.10175;185.49097;48.449524;150.83511;104
53.0;31.0;67.0;40.0;56.0;5.0;138
11.0;219.0;15.0;228.0;2.0;90.0;72
109.0;162.0;95.0;194.0;144.0;194.0;73
93.0;125.0;95.0;110.0;100.0;147.0;33
159.0;50.0;168.0;93.0;92.0;11.0;103
53.0;35.0;54.0;48.0;79.0;42.0;175
105.0;43.0;172.0;30.0;163.0;2.0;151
10.0;80.0;84.0;91.0;87.0;63.0;159
122.0;161.0;107.0;199.0;170.0;196.0;28
154.0;66.0;43.0;108.0;1.0;148.0;18
106.0;22.0;100.0;49.0;126.0;27.0;51
99.0;91.0;110.0;97.0;119.0;80.0;187
114.976524;197.47586;90.12342;76.81451;20.50562;120.073524;141
46.0;182.0;55.0;172.0;75.0;189.0;95
74.0;128.0;56.0;104.0;45.0;119.0;98
137.0;38.0;9.0;61.0;0.0;93.0;114
10.0;234.0;24.0;224.0;13.0;23.0;95
153.0;126.0;135.0;137.0;164.0;145.0;32
16.0;220.0;39.0;234.0;18.0;76.0;16
41.0;136.0;4.0;144.0;40.0;100.0;22
162.0;126.0;150.0;115.0;162.0;138.0;6
66.44036;131.37341;168.33612;187.61829;31.30093;117.85086;5
24.0;15.0;41.0;46.0;43.0;5.0;155
144.0;65.0;147.0;66.0;152.0;92.0;166
4.0;4.0;37.0;21.0;6.0;47.0;176
7.0;226.0;37.0;57.0;80.0;95.0;13
34.0;211.0;41.0;209.0;27.0;200.0;152
40.0;183.0;39.0;152.0;30.0;151.0;164
104.631454;137.24982;158.05217;56.265404;4.512931;194.69324;147
83.0;175.0;86.0;169.0;104.0;184.0;159
177.0;181.0;177.0;162.0;138.0;157.0;19
7.0;239.0;27.0;211.0;24.0;222.0;31
133.0;110.0;100.0;101.0;145.0;122.0;61
67.0;175.0;166.0;108.0;144.0;165.0;23
84.0;124.0;55.0;119.0;69.0;114.0;20
40.0;80.0;4.0;50.0;2.0;21.0;17
2.0;202.0;39.0;249.0;7.0;31.0;51
104.0;164.0;176.0;169.0;159.0;151.0;27
1.0;154.0;18.0;174.0;54.0;105.0;13
10.066943;29.318571;50.03987;118.804634;62.240795;179.88116;32
22.0;106.0;33.0;137.0;58.0;102.0;40
90.0;1.0;151.0;4.0;161.0;5.0;51
27.0;128.0;18.0;102.0;4.0;112.0;172
112.0;65.0;178.0;74.0;143.0;78.0;18
86.0;53.0;98.0;55.0;95.0;89.0;23
59.0;138.0;77.0;125.0;75.0;124.0;28
147.0;0.0;175.0;38.0;170.0;43.0;148
33.0;34.0;40.0;44.0;5.0;33.0;151
171.0;136.0;125.70327;13.285482;77.97748;125.89723;32
163.0;155.0;177.0;183.0;170.0;174.0;20
178.0;91.0;142.0;77.0;173.0;66.0;26
155.0;48.0;154.0;32.0;166.0;47.0;93
179.0;188.0;161.0;191.0;156.0;186.0;149
10.0;104.0;49.0;150.0;81.0;149.0;77
80.0;50.0;71.0;74.0;48.0;63.0;181
132.0;15.0;171.0;31.0;157.0;43.0;175
94.0;62.0;106.0;65.0;116.0;80.0;41
5.0;15.0;29.0;80.0;62.0;91.0;90
132.0;187.0;155.0;163.0;70.45572;151.0962;9
147.0;72.0;21.0;105.0;3.0;112.0;21
54.0;192.0;56.0;188.0;64.0;179.0;171
166.0;133.0;119.0;195.0;155.0;133.0;11
76.0;147.0;82.0;137.0;74.0;109.0;15
126.0;48.0;168.0;0.0;152.0;1.0;124
148.0;72.0;168.0;63.0;168.0;78.0;24
174.0;103.0;146.0;127.0;146.0;138.0;56
26.0;19.0;34.0;34.0;37.0;2.0;33
100.0;170.0;167.0;122.0;126.0;146.0;157
182.87952;22.198523;106.04527;57.5647;155.75128;133.48833;18
72.0;3.0;86.0;48.0;50.0;36.0;97
38.0;26.0;24.0;10.0;18.0;22.0;170
155.0;64.0;8.0;132.0;12.0;131.0;13
124.0;32.0;148.0;22.0;147.0;20.0;50
170.0;88.0;166.0;70.0;175.0;97.0;127
132.0;198.0;150.0;191.0;137.0;182.0;65
89.503334;198.33884;18.33034;155.59528;73.32556;70.430466;127
54.0;66.0;71.0;52.0;82.0;90.0;41
66.0;83.0;55.0;67.0;131.0;66.0;129
19.0;219.0;22.0;217.0;36.0;236.0;48
38.0;75.0;22.0;53.0;88.0;4.0;172
112.0;18.0;118.0;25.0;103.0;27.0;64
97.0;123.0;113.0;132.0;97.0;136.0;163
101.0;127.0;116.0;125.0;94.0;137.0;146
172.0;129.0;157.0;130.0;155.0;120.0;24
89.0;162.0;64.0;171.0;73.0;196.0;168
127.0;66.0;132.0;62.0;128.0;56.0;87
18.0;114.0;127.0;163.0;122.0;190.0;22
43.0;121.0;41.0;103.0;66.0;109.0;27
126.0;122.0;133.0;113.0;91.0;152.0;193
25.0;40.0;5.0;6.0;31.0;11.0;193
93.0;3.0;103.0;74.0;179.0;52.0;48
19.0;113.0;48.0;125.0;58.0;114.0;143
43.0;116.0;17.0;143.0;72.0;106.0;96
129.0;71.0;104.0;85.0;121.0;95.0;25
175.0;67.0;153.0;70.0;151.0;82.0;153
91.0;100.0;106.0;127.0;133.0;114.0;23
12.0;124.0;6.0;149.0;2.0;118.0;76
103.0;198.0;122.0;188.0;126.0;157.0;25
67.87437;61.210026;140.74062;167.70479;96.10731;16.779781;156
137.0;92.0;34.0;110.0;4.0;124.0;43
7.0;47.0;14.0;6.0;39.0;2.0;171
40.0;229.0;28.0;211.0;28.0;223.0;28
58.0;65.0;72.0;61.0;70.0;54.0;28
85.0;164.0;77.0;191.0;67.0;195.0;168
145.0;127.0;165.0;126.0;136.0;115.0;124
91.0;55.0;109.0;94.0;119.0;66.0;185
107.0;108.0;111.0;116.0;131.0;119.0;167
177.0;159.0;13.0;210.0;14.0;202.0;168
53.0;102.0;76.0;121.0;56.0;120.0;42
148.0;163.0;175.0;195.0;163.0;170.0;39
29.0;191.0;18.0;150.0;12.0;172.0;20
2.0;96.0;16.0;50.0;27.0;89.0;144
45.0;123.0;88.0;139.0;89.0;147.0;156
8.0;104.0;24.0;127.0;66.0;135.0;44
129.96375;189.33945;159.22849;42.1893;43.28785;11.040926;180
38.80104;72.51574;51.832466;108.77436;94.2241;121.18057;142
71.0;127.0;63.0;139.0;83.0;165.0;14
84.0;66.0;126.0;74.0;117.0;85.0;7
69.0;20.0;88.0;32.0;81.0;53.0;185
151.0;56.0;161.0;95.0;135.0;92.0;13
106.0;9.0;125.0;40.0;98.0;35.0;189
104.0;173.0;109.0;189.0;105.0;111.0;142
109.0;147.0;122.0;141.0;108.0;135.0;90
163.0;140.0;144.0;142.0;160.0;130.0;20
69.0;77.0;74.0;70.0;74.0;77.0;57
179.0;126.0;144.0;123.0;154.0;132.0;19
157.0;7.0;167.0;39.0;151.0;26.0;176
102.0;160.0;114.0;157.0;113.0;178.0;28
74.0;121.0;86.0;118.0;47.0;145.0;16
77.0;72.0;87.0;82.0;64.0;50.0;46
84.0;6.0;76.0;41.0;71.0;0.0;37
49.0;154.0;107.0;184.0;124.0;173.0;67
179.0;55.0;154.0;85.0;176.0;92.0;91
59.0;147.0;28.0;183.0;109.0;182.0;171
56.0;147.0;51.0;190.0;72.0;125.0;82
31.0;64.0;58.0;97.0;84.0;59.0;95
96.0;161.0;167.0;173.0;136.0;177.0;17
68.0;195.0;75.0;186.0;58.0;194.0;148
49.0;30.0;79.0;13.0;54.0;24.0;137
77.0;36.0;82.0;11.0;45.0;17.0;171
108.0;187.0;145.0;197.0;143.0;162.0;159
52.0;199.0;62.0;175.0;48.0;160.0;145
166.0;114.0;156.0;105.0;166.0;105.0;23
142.0;6.0;172.0;9.0;145.0;36.0;156
71.0;17.0;73.0;32.0;79.0;0.0;17
166.0;188.0;171.0;169.0;172.0;177.0;29
84.0;105.0;81.0;148.0;112.0;102.0;32
49.0;53.0;82.0;55.0;65.0;94.0;147
72.0;151.0;68.0;167.0;81.0;179.0;174
165.0;13.0;100.0;69.0;152.0;34.0;24
47.0;124.0;85.0;145.0;71.0;119.0;123
51.0;160.0;87.0;162.0;79.0;160.0;165
67.0;31.0;69.0;23.0;79.0;40.0;170
176.0;35.0;148.0;4.0;174.0;41.0;186
6.0;40.0;24.0;39.0;20.0;17.0;161
159.0;96.0;157.0;53.0;135.0;64.0;41
108.0;124.0;120.0;101.0;96.0;118.0;112
174.0;136.0;141.0;125.0;146.0;102.0;50
151.0;96.0;141.0;87.0;159.0;82.0;79
49.0;23.0;80.0;19.0;65.0;6.0;28
55.0;110.0;132.0;138.0;119.0;125.0;162
133.0;102.0;112.0;133.0;118.0;129.0;38
172.0;126.0;4.0;179.0;32.0;173.0;57
84.0;12.0;55.0;24.0;81.0;7.0;9
20.0;108.0;77.0;148.0;73.0;127.0;95
20.0;121.0;174.0;183.0;115.0;101.0;25
48.0;6.0;69.0;21.0;50.0;16.0;93
9.0;189.0;29.0;184.0;6.0;184.0;110
39.0;149.0;30.0;108.0;19.0;133.0;33
138.0;88.0;145.0;58.0;145.0;50.0;46
56.0;73.0;81.0;76.0;71.0;89.0;121
78.0;159.0;104.0;199.0;132.0;185.0;17
108.0;72.0;126.0;55.0;124.0;79.0;29
39.0;187.0;55.0;187.0;70.0;154.0;57
14.0;19.0;48.0;29.0;136.0;8.0;13
35.0;56.0;19.0;98.0;9.0;67.0;158
108.0;125.0;116.0;133.0;111.0;147.0;19
120.0;89.0;117.0;66.0;106.0;80.0;151
62.0;92.0;127.0;64.0;93.0;57.0;11
148.0;117.0;144.0;127.0;161.0;146.0;22
105.0;7.0;127.0;48.0;127.0;11.0;10
22.0;205.0;4.0;240.0;26.0;204.0;147
25.0;100.0;122.0;189.0;143.0;196.0;62
116.0;54.0;150.0;67.0;166.0;89.0;23
1.0;236.0;29.0;10.0;21.0;60.0;142
128.0;133.0;114.0;114.0;114.0;135.0;164
7.0;25.0;51.0;35.0;57.0;44.0;148
151.08023;91.08096;6.0;21.0;6.0;37.0;140
142.10963;55.458725;133.9268;29.37783;21.642632;121.87425;23
33.193275;144.44754;114.20226;120.66517;103.07661;41.418983;153
61.0;13.0;113.0;11.0;91.0;22.0;16
54.0;194.0;68.0;153.0;62.0;189.0;148
159.0;116.0;148.0;114.0;20.0;187.0;13
45.0;125.0;48.0;135.0;89.0;100.0;49
97.0;163.0;110.0;193.0;94.0;172.0;148
21.0;164.0;67.0;179.0;82.0;175.0;21
2.0;157.0;41.0;193.0;3.0;190.0;10
76.0;111.0;76.0;100.0;53.0;117.0;28
87.0;58.0;64.0;61.0;81.0;64.0;45
82.0;184.0;61.0;160.0;83.0;158.0;19
37.0;229.0;22.0;217.0;0.0;240.0;16
2.0;235.0;35.0;235.0;80.0;41.0;170
15.0;96.0;54.0;93.0;63.0;81.0;38
168.0;178.0;22.0;239.0;17.0;214.0;35
33.0;247.0;29.0;235.0;2.0;228.0;1
82.0;123.0;123.0;131.0;91.0;125.0;152
131.62645;105.65997;39.243435;157.3469;1.0;23.0;126
120.0;27.0;102.0;20.0;98.0;43.0;21
88.0;19.0;79.0;27.0;101.0;27.0;76
93.0;94.0;103.0;74.0;127.0;85.0;162
153.7574;65.00808;164.45117;48.319305;180.41888;137.07397;149
96.0;130.0;105.0;117.0;168.0;137.0;181
81.35834;102.118385;132.74522;159.93086;146.88799;55.7387;177
14.0;113.0;26.0;130.0;28.0;142.0;143
39.0;186.0;26.0;175.0;31.0;151.0;99
115.0;26.0;111.0;45.0;118.0;31.0;20
90.0;0.0;103.0;27.0;137.0;10.0;15
95.0;115.0;109.0;128.0;120.0;121.0;170
122.0;188.0;107.0;183.0;138.0;160.0;38
48.0;193.0;81.0;154.0;77.0;195.0;163
56.0;184.0;116.0;158.0;99.0;159.0;26
61.0;128.0;68.0;191.0;29.0;157.0;147
60.0;123.0;51.0;126.0;123.0;120.0;157
159.0;44.0;0.0;91.0;18.0;84.0;183
22.0;198.0;0.0;183.0;10.0;153.0;165
38.0;163.0;157.0;178.0;163.0;168.0;24
28.0;112.0;42.0;104.0;43.0;118.0;31
153.0;27.0;176.0;17.0;153.0;12.0;146
75.0;84.0;21.0;58.0;42.0;41.0;23
36.57404;29.988813;67.22952;114.64079;138.42339;190.27362;124
149.0;167.0;94.0;101.0;111.0;164.0;53
93.0;136.0;152.0;150.0;41.425236;51.19281;144
126.0;101.0;123.0;107.0;151.0;139.0;121
97.0;32.0;161.0;18.0;150.0;49.0;25
64.0;113.0;80.0;109.0;63.0;126.0;32
177.0;49.0;154.0;13.0;150.0;39.0;84
129.0;78.0;64.0;101.0;62.0;197.0;180
116.0;62.0;104.0;72.0;102.0;55.0;165
104.0;57.0;121.0;89.0;124.0;57.0;142
177.0;11.0;177.0;49.0;144.0;8.0;114
94.0;47.0;141.0;4.0;155.0;13.0;23
129.0;151.0;114.0;158.0;167.0;180.0;18
49.0;128.0;134.0;142.0;117.0;101.0;149
15.0;189.0;28.0;163.0;59.0;186.0;121
99.0;33.0;134.0;35.0;99.0;15.0;33
77.0;34.0;47.0;19.0;75.0;1.0;124
103.0;72.0;121.0;50.0;132.0;64.0;166
63.0;167.0;58.0;129.0;18.0;178.0;17
146.0;166.0;173.0;191.0;4.0;235.0;141
126.0;109.0;120.0;140.0;122.0;132.0;7
156.0;140.0;149.0;109.0;154.0;140.0;22
120.0;143.0;101.0;123.0;132.0;147.0;13
29.0;247.0;7.0;215.0;28.0;247.0;67
172.0;52.0;131.0;58.0;152.0;68.0;21
96.0;183.0;121.0;177.0;109.0;184.0;35
6.7002096;179.06523;152.3276;21.95816;86.583435;101.27273;82
48.0;168.0;66.0;180.0;58.0;195.0;163
14.0;199.0;12.0;154.0;86.0;189.0;28
129.0;56.0;94.0;73.0;110.0;55.0;170
75.0;173.0;98.0;178.0;127.0;181.0;88
97.0;109.0;112.0;103.0;115.0;104.0;15
129.0;67.0;59.0;119.0;74.0;162.0;163
130.0;196.0;102.0;105.0;140.0;105.0;90
102.0;120.0;173.0;143.0;161.0;130.0;19
90.0;88.0;90.0;77.0;95.0;66.0;13
116.0;110.0;130.0;124.0;131.0;113.0;33
85.0;141.0;88.0;124.0;45.0;130.0;143
143.0;183.0;166.0;192.0;145.0;192.0;67
50.0;168.0;89.0;199.0;66.0;199.0;168
117.0;118.0;130.0;120.0;133.0;145.0;14
47.0;104.0;15.0;179.0;70.0;151.0;54
150.0;32.0;158.0;40.0;158.0;31.0;133
139.0;109.0;178.0;136.0;13.0;187.0;22
67.0;158.0;86.0;182.0;88.0;164.0;28
108.0;111.0;98.0;148.0;137.0;121.0;172
84.0;162.0;61.0;168.0;81.0;187.0;13
89.0;83.0;71.0;96.0;50.0;99.0;127
124.0;21.0;107.0;45.0;157.0;37.0;17
122.0;53.0;102.0;70.0;107.0;56.0;150
105.0;177.0;95.0;174.0;174.0;192.0;26
37.0;131.0;24.0;132.0;12.0;130.0;51
56.614872;98.70179;35.0;40.0;32.0;36.0;147
113.0;70.0;122.0;76.0;105.0;81.0;17
174.0;180.0;170.0;152.0;3.0;227.0;180
27.0;238.0;22.0;245.0;38.0;245.0;16
136.0;91.0;137.0;55.0;163.0;80.0;26
124.0;128.0;163.0;144.0;148.0;137.0;165
91.0;101.0;101.0;138.0;97.0;123.0;58
176.0;120.0;140.0;116.0;161.0;119.0;85
77.0;37.0;129.0;42.0;107.0;4.0;57
9.0;122.0;6.0;106.0;43.0;148.0;9
16.0;40.0;24.0;8.0;1.0;19.0;90
131.0;148.0;150.0;113.0;167.0;112.0;47
65.0;115.0;65.0;147.0;85.0;108.0;185
167.0;76.0;165.0;71.0;169.0;62.0;18
171.0;18.0;176.0;25.0;141.0;8.0;22
122.0;135.0;103.0;126.0;111.0;106.0;38
23.0;144.0;26.0;149.0;39.0;121.0;143
64.0;122.0;74.0;186.0;76.0;103.0;176
13.0;20.0;66.0;44.0;57.0;38.0;154
106.0;84.0;120.0;58.0;116.0;61.0;174
148.0;64.0;147.0;93.0;139.0;96.0;17
105.0;166.0;117.0;175.0;137.0;167.0;137
145.0;122.0;179.0;134.0;149.0;121.0;37
152.0;93.0;149.0;64.0;157.0;93.0;16
131.8876;184.14638;42.34461;152.23936;171.06915;5.5623174;19
106.0;57.0;99.0;60.0;124.0;50.0;185
23.0;170.0;8.0;142.0;72.0;129.0;81
85.0;177.0;15.0;168.0;65.0;100.0;27
15.0;187.0;58.0;169.0;87.0;172.0;15
116.0;82.0;166.0;92.0;162.0;83.0;9
168.0;0.0;167.0;12.0;152.0;24.0;191
32.0;204.0;42.0;204.0;15.0;219.0;158
118.0;38.0;153.0;3.0;155.0;34.0;19
47.0;113.0;76.0;102.0;79.0;130.0;141
157.0;189.0;171.0;151.0;174.0;166.0;18
36.0;159.0;0.0;185.0;77.0;198.0;142
90.0;199.0;154.0;160.0;174.0;167.0;18
