12.076088;150.71349;71.61874;73.51634;48.503025;165.52332;226
58.361416;29.412651;159.74365;48.476326;158.78987;7.625985;11
57.24821;125.42772;95.787895;170.89275;75.09675;59.477318;222
118.99889;69.82763;125.694466;199.53854;140.73631;68.98543;92
27.932987;129.17976;78.10293;1.9466639;156.28201;100.47232;122
181.48007;97.69817;23.929846;4.2872787;140.99786;77.30193;199
54.84033;43.950905;101.81817;49.211956;114.45938;185.03415;173
68.18935;22.181416;7.8499737;99.74258;169.33524;16.854345;65
22.975437;66.72896;68.6765;186.75742;64.577126;119.75191;82
25.854425;164.4513;54.60678;165.1295;77.55473;170.76431;25
15.596499;11.586952;53.852673;138.84988;74.14665;142.29254;16
82.05287;137.22377;150.96819;184.55669;9.610305;34.02035;99
21.516266;196.8441;55.51527;63.631653;157.70163;180.48076;59
161.93973;83.21894;55.63476;34.06669;24.264656;92.6871;1
160.43617;127.93706;39.63491;130.85522;41.271233;145.96461;238
58.321415;137.74564;158.56749;121.90427;8.316636;59.568405;211
71.46137;187.09953;171.96663;93.30182;78.09338;150.11267;212
86.870926;57.92959;173.08481;33.756268;32.032528;71.13401;50
90.46;78.56935;134.25688;89.042366;112.28273;196.84662;216
148.01562;60.838806;154.93095;75.60899;47.40408;39.84816;45
123.91954;176.01437;94.45241;33.08288;145.14848;114.92897;206
93.66979;75.8376;3.7347794;104.7437;166.85532;190.03969;177
68.40544;175.66623;57.9293;85.127365;177.91351;143.48654;233
166.38739;85.99192;75.125565;5.1327944;127.16594;183.55782;60
128.40472;16.538965;121.16437;144.81581;114.56683;148.28723;70
25.629717;172.44032;51.477554;172.20543;89.659096;40.59907;231
49.936115;78.50157;131.67403;151.67125;154.59906;88.65933;29
40.36388;5.94548;82.91335;127.722694;110.876144;102.16016;159
171.91963;2.0158648;141.71693;81.16816;79.36968;137.4028;98
5.7937074;140.51611;123.50218;179.08528;63.861694;13.876211;76
110.651054;172.42326;172.06499;124.05111;39.86707;103.90918;199
101.00739;161.47533;11.550296;102.62332;7.9316287;46.186672;182
90.45733;3.2672167;82.78236;23.410082;6.50397;159.8237;244
9.88521;23.25014;91.56352;184.63536;93.014694;135.81114;190
27.85889;104.39998;159.30092;122.95909;120.675804;6.5466404;176
142.2366;75.83985;132.04077;147.55284;66.616615;27.601469;240
23.47888;108.85601;57.34267;189.52126;54.122494;148.62004;226
39.128662;147.16249;78.874886;173.58846;117.31759;95.311066;52
39.79833;150.07489;164.59062;13.438177;94.29084;52.83097;242
113.47195;3.064549;98.254074;181.56207;125.34135;36.548626;160
34.956127;162.65062;5.868621;138.96446;26.324938;67.542946;139
44.094635;106.65686;125.10017;132.27144;141.87665;134.99411;36
119.68147;175.21852;122.3478;37.507523;39.00161;154.5928;238
25.921724;20.173859;25.459929;12.131321;155.68657;53.252125;228
29.421509;46.578194;85.643;90.17919;23.709871;61.58234;141
121.517845;33.921432;23.358133;120.130035;13.246196;173.0713;119
109.55167;139.3992;78.66424;176.07544;99.76298;0.85396767;193
163.56096;114.94918;171.1483;26.189363;169.14626;175.97324;69
98.976036;122.065926;127.42827;88.509346;43.288963;108.34874;157
2.494536;180.53021;74.26115;150.28981;56.478405;110.20436;223
69.026695;76.49004;78.97869;46.16617;74.286476;74.70521;16
86.80695;175.7508;40.610535;22.525513;163.69144;68.32979;169
116.10133;182.61722;108.20122;180.0285;102.89018;76.752235;55
98.576164;99.40048;110.22246;27.46582;99.14627;22.308613;171
33.568924;98.473564;75.45452;184.3545;115.11404;182.22948;61
83.56929;78.34513;0.24687284;176.57146;12.62038;165.93323;111
127.63464;41.73081;96.37711;56.604874;72.00502;118.246925;155
102.62443;149.90202;181.28947;146.34459;171.26674;108.36022;215
103.41166;119.71815;38.00164;156.86943;59.97473;91.38307;77
22.366856;102.64818;14.263377;106.55047;137.22488;71.66638;207
58.99252;126.01575;34.926163;160.51007;165.0705;14.900899;6
69.22397;126.24571;180.58234;14.916361;46.663124;167.0739;1
168.03236;79.104;80.76481;124.92958;20.96075;43.773697;246
152.3149;82.97774;27.226269;96.4929;115.201164;15.994537;241
137.64732;66.620514;156.44269;175.61191;36.215973;70.55742;21
25.643482;22.88289;92.28973;134.64296;33.587273;2.0237565;139
36.141014;128.9759;143.25317;105.98458;180.07486;82.682106;175
36.15923;0.69915056;89.27988;76.56496;35.586666;190.82013;202
139.68091;3.2054782;152.94456;0.14908314;72.14599;25.4174;74
80.95285;7.176137;174.81624;17.607807;132.83263;54.48319;65
14.528226;56.27079;79.56978;178.01385;87.46968;145.04724;57
8.540799;71.58089;27.86139;67.884636;50.147266;67.35535;13
172.42015;91.350006;157.65588;96.952965;6.8550982;162.14946;200
114.36982;21.933746;88.47514;134.8383;11.985141;18.285824;195
19.093111;60.377884;22.224741;117.4892;94.04481;50.291397;232
178.25522;155.671;166.41096;1.1359572;107.19169;68.40757;123
175.1478;136.62148;146.95773;128.81026;64.360214;82.81543;220
116.45995;174.07817;118.63892;17.259048;140.87355;178.96011;107
102.89782;181.42134;164.84169;63.38222;143.901;58.956146;185
112.97019;57.006393;45.546726;193.43636;81.07495;115.70121;83
175.02882;75.55669;125.160286;77.89786;126.724686;25.344885;123
73.619125;190.70831;120.09076;144.91733;167.57527;105.55848;12
104.24867;171.87315;34.35069;37.84541;51.65409;91.64808;116
17.48324;180.24635;91.57486;61.940968;2.6268675;154.34364;94
113.87602;78.67771;23.483646;164.00996;164.35606;11.998451;29
143.96548;114.093;143.77135;116.297165;23.804724;88.458824;119
70.609604;100.99979;163.10828;75.09996;31.445892;178.387;235
26.136562;47.216488;99.83488;114.92958;22.1411;87.191895;18
1.7005572;52.631485;25.00401;146.93527;31.860416;161.30309;9
125.95024;175.53836;112.16454;72.616646;79.52127;81.73612;68
17.121378;34.10599;62.093;7.698941;152.71268;121.35186;85
142.10721;90.7903;17.513378;187.67772;95.01009;193.6163;237
19.442438;101.435005;160.37532;138.79413;103.53892;63.973354;114
151.73257;113.50401;43.045414;55.069386;7.1522117;147.53728;76
45.91691;41.394997;165.19687;33.52208;116.47601;69.0233;243
72.884964;110.592545;52.3155;43.55899;124.920525;11.235655;15
158.43445;149.56001;39.430283;64.99032;123.63342;5.159569;171
59.78041;199.81337;18.195248;155.95058;65.46808;65.8955;233
120.9728;16.104626;90.23806;127.41449;80.95692;31.24839;31
152.13646;39.65573;181.38835;30.11353;85.38156;18.20407;125
156.7794;98.16606;163.9217;82.64832;21.378557;27.299988;190
108.25524;135.6521;60.982685;184.1873;50.180885;94.26761;83
47.01637;64.744736;69.81884;72.511986;43.656605;197.16881;182
37.222824;60.8701;71.26752;25.434982;5.0739007;58.663677;59
38.089558;50.877537;46.87792;154.221;37.696903;186.75703;151
159.34561;106.87415;46.655346;174.01361;26.796944;6.4585447;103
93.71653;143.46753;105.79022;6.161225;107.635216;29.666769;63
8.977651;161.81009;19.017181;72.80875;9.300571;19.297241;27
54.63224;19.598305;6.51659;185.16232;160.10326;115.077385;116
11.029543;53.71275;38.394012;60.9841;145.93437;53.870213;181
32.736565;99.624466;110.27706;13.55772;60.360863;8.48769;139
41.789738;152.91069;51.587936;74.25836;121.31035;146.71873;123
140.57942;34.268547;167.05531;108.09835;29.880733;103.65883;151
134.3669;0.62960386;35.59834;19.193983;129.31895;133.84674;241
4.758135;46.913826;177.45985;187.26314;170.203;15.626276;75
54.831318;169.5231;103.62271;71.85483;102.2979;106.8885;45
25.045273;129.50017;2.1351833;83.053925;150.72691;2.0501137;109
139.38712;52.156567;13.33361;178.02394;18.849651;185.41277;36
127.44702;20.747126;180.89734;64.36227;146.41425;26.007318;60
161.77338;6.1419725;87.94608;88.41218;35.453484;118.65827;63
90.92039;97.31202;60.236176;177.44476;160.2514;163.68321;62
109.311264;5.601132;175.69064;136.85843;117.16069;21.021164;224
113.8975;187.07848;175.27478;81.008804;76.15081;36.1626;35
77.09615;153.43411;130.86086;125.26396;91.72051;192.21262;174
152.23433;179.12047;86.64146;188.35228;115.578156;59.815277;192
32.384026;120.927414;54.313423;199.70668;99.49755;80.472565;160
125.88992;180.97388;45.678444;158.23865;112.39324;81.03034;231
139.56767;63.94111;154.81117;33.63266;96.336464;107.74415;203
93.90158;77.406166;114.309326;35.750507;171.13194;103.89479;117
123.08348;162.5616;27.654459;174.1333;138.9642;6.9009423;30
84.85886;141.85118;87.78713;72.897316;48.413452;3.443098;145
171.6318;69.154564;67.44358;161.4196;37.62557;179.09985;42
35.77886;31.68522;128.00194;195.31268;177.32295;168.94675;159
128.7761;12.120199;135.53212;68.05702;83.82275;69.63912;142
119.0914;54.880142;54.325397;27.764713;30.059542;130.41843;130
173.1259;197.54565;57.14664;36.50247;84.26348;3.7517428;22
146.92085;94.896866;1.5532167;33.525646;143.35538;26.637495;177
129.53326;54.45386;102.953674;138.02116;58.65351;98.22318;175
4.615278;30.994152;119.36154;172.35019;5.013265;68.37342;54
57.747192;174.4639;89.03024;0.3987074;0.10880381;11.070657;132
21.385101;181.94398;63.29959;39.01496;147.19107;147.20609;138
169.04236;99.41605;3.7409313;24.546741;158.56139;36.834778;153
21.63936;62.58738;50.343517;3.0647516;81.14625;182.57463;47
182.15947;143.4475;161.87303;107.63312;9.047907;161.55647;224
25.321323;69.183876;158.25536;141.26187;37.43933;60.439346;145
55.09948;98.2425;66.711845;134.93488;65.603294;62.626232;27
132.52896;98.488365;3.0533676;92.47121;38.69069;83.90733;251
173.15073;72.97175;40.691208;87.930084;98.109566;147.25949;8
70.93779;141.69406;19.14587;130.03606;42.460243;69.22175;156
118.378555;76.03533;57.535007;137.47711;122.972755;194.65242;60
162.92914;48.22898;146.65602;5.0727844;100.41222;57.77074;163
43.679783;24.871576;17.409275;198.06476;167.62671;83.50499;99
174.71362;131.40942;103.17831;136.74336;12.568471;66.73875;67
27.504316;41.19271;122.487915;173.46542;74.934555;175.60112;218
30.502655;174.18712;84.29144;68.50094;66.396194;54.13996;224
95.49067;8.539068;95.95927;139.31874;131.40726;78.93429;54
32.789825;158.61578;135.1002;32.064293;33.4267;101.92381;252
40.36387;111.697266;23.0549;139.57773;21.674383;63.353157;129
174.3646;95.205894;0.7205048;141.84013;182.33215;8.889699;169
142.2679;129.75613;160.983;192.70244;150.75662;48.73084;97
150.18056;181.73349;137.72127;73.910286;93.142586;198.84593;20
72.54435;178.4707;164.53397;195.95264;176.97319;31.630003;170
170.92178;181.52084;12.957656;39.062332;87.078064;27.010143;234
51.96074;31.235481;146.63422;66.67523;18.866232;11.310196;183
175.58046;189.64447;57.2822;20.19043;125.900505;68.79933;106
57.52385;31.980265;53.854744;12.00732;81.84892;30.603706;205
68.98311;102.98994;126.80791;63.859306;59.448437;108.17761;75
172.83357;53.1664;90.573875;163.07445;94.51458;105.29942;220
168.80379;25.586987;120.73218;68.58688;101.0812;29.06797;166
17.306164;154.00671;6.8632026;110.39626;178.95883;172.63557;50
28.333788;90.468765;102.99433;53.264057;170.04912;121.1853;245
162.18532;113.38145;56.545845;186.11348;163.34924;75.97821;139
98.735985;186.38237;11.616855;10.526872;31.591816;12.453318;0
60.421467;120.74614;155.76674;49.83107;114.52013;51.460087;69
76.25542;188.33173;57.668125;193.03568;165.9877;168.90158;186
11.16098;12.724996;6.347183;196.88739;82.78746;0.55286884;34
105.17956;100.835846;99.97262;41.697575;39.05759;171.28976;5
170.97311;61.85453;165.49039;163.49081;109.24419;183.83841;62
19.29285;131.80281;50.635918;167.4412;105.7146;196.97633;108
28.818317;118.39247;41.723015;115.96712;116.630486;190.55911;189
157.58028;9.159756;35.951897;10.045433;91.389854;158.30815;248
147.70676;173.60837;112.396484;53.014828;156.2826;62.84491;253
157.53728;147.34085;97.318924;170.97192;44.208073;13.174391;91
80.71855;157.45367;148.60202;3.8617134;28.635777;186.48038;99
107.70075;71.10889;2.927657;40.196728;106.24592;189.48782;245
89.06192;159.01889;71.10103;80.36432;20.961285;8.581185;179
137.94525;54.110752;120.132034;43.461037;181.50064;86.57053;143
66.788574;192.85266;180.5321;130.42546;72.17756;77.88105;126
81.41162;44.797646;2.3231986;133.73944;79.981606;45.861233;46
123.9241;165.01486;41.49244;84.31208;38.045197;140.85622;9
35.80917;170.71887;119.400665;34.99328;127.29489;157.9639;9
114.91916;144.67863;105.37909;109.93267;82.17731;172.14236;1
143.72668;21.537315;18.815401;110.474434;92.141785;16.57585;162
65.81637;79.41623;9.75854;110.59863;49.79001;7.184291;112
170.78407;23.126198;20.430302;60.50755;74.9519;34.074997;245
34.11551;101.37528;100.99348;178.14075;66.37881;15.865946;126
120.16589;106.970215;0.016110599;9.023976;161.68889;48.874092;6
85.633255;130.68271;13.683854;55.968548;180.47104;147.24107;184
65.36729;13.693464;20.219315;131.11165;83.206665;159.86652;101
107.387634;158.97733;92.83719;71.950386;59.483746;159.48878;69
116.506035;134.061;90.27428;81.58906;12.578484;180.43001;130
179.18695;40.5833;85.278694;182.9057;141.65912;2.361548;184
99.429214;92.95389;139.2393;198.64287;104.04776;67.34564;96
13.7008705;69.4471;82.85848;148.9402;155.17079;186.7202;193
49.021553;155.80446;130.62073;66.379;30.08547;11.304796;177
86.00813;37.01576;34.42004;9.268511;4.9084535;18.321789;147
10.035594;92.138794;10.1806555;105.44705;84.741;155.3404;247
24.348034;173.37578;164.1462;165.32573;118.77939;29.837204;7
152.57549;174.34038;94.91376;179.61557;121.16767;157.26598;140
77.063896;116.08774;116.323616;13.977194;26.564196;93.77873;147
28.55661;158.38342;59.058403;27.446281;127.32852;159.79474;50
63.163258;19.62117;73.52183;31.998085;61.701675;146.69559;234
96.88635;137.59488;130.78967;154.3387;179.12933;111.62834;52
111.592674;197.26949;172.71884;155.95695;46.401752;152.50053;63
140.09116;51.166523;109.63782;143.57707;8.403035;84.5695;179
130.26253;26.209091;50.525795;21.478712;13.390395;46.917786;173
172.06987;124.42069;51.824875;57.70341;130.46973;73.16859;170
41.085583;152.21597;120.05905;3.0650258;158.29529;49.241768;52
140.89621;129.44397;111.86667;148.05861;97.948944;139.95029;224
89.07205;12.071872;109.01789;124.88151;172.92905;6.1601996;245
51.31482;152.03969;89.50523;25.798643;60.513462;159.56723;173
144.48578;112.74221;49.068054;37.18083;165.84785;0.8170366;149
125.656456;143.1868;162.0647;150.0177;114.541016;80.162346;39
132.45543;59.590687;72.22057;82.65003;102.35106;10.072494;3
78.68353;111.07625;123.31174;45.588505;85.56489;33.438705;76
14.8539505;166.75804;29.854773;75.28276;0.40790248;174.56682;183
148.63255;64.370155;112.898224;148.81133;117.45377;173.9777;79
13.684486;151.7112;129.49312;93.46358;167.0784;170.43146;76
30.47713;77.15151;13.759717;49.431347;122.20605;115.1414;203
141.71016;131.41808;139.96997;38.966404;40.50175;108.1514;68
59.17096;54.838608;16.88298;156.5619;175.14017;119.720436;42
92.449814;69.04204;156.20229;108.96201;165.63768;57.62936;71
128.9369;64.89396;104.31938;64.483345;2.82819;152.2314;233
96.40902;19.828928;112.53492;135.79268;5.9076595;88.714874;119
17.299992;89.21416;92.70874;57.38894;89.126884;104.87901;253
22.14674;103.003136;46.415062;129.34619;21.671165;36.17966;169
148.78024;8.696997;149.23854;127.56344;110.469284;35.557198;224
129.43387;194.64212;1.7687191;97.41427;165.11171;38.17358;132
172.61734;196.5424;145.65674;109.51127;90.27151;189.53326;205
30.654314;142.83258;111.14209;80.19284;131.54185;176.51299;23
153.0359;24.729692;38.772312;164.73708;122.66366;52.73355;81
114.821144;169.06644;97.617874;71.59008;167.15201;53.550636;174
83.783195;101.59412;131.45422;83.8466;164.91992;187.65549;216
77.62555;29.44299;4.2937417;165.32892;93.92341;15.390432;51
127.036674;147.29875;46.637783;137.57578;161.0727;85.67592;228
166.39075;9.56422;14.242456;38.488007;79.293335;32.495403;134
20.454996;132.44853;71.5323;67.39192;64.03807;182.274;83
14.0125675;3.1712294;27.144222;25.78702;38.974495;126.3624;88
164.1967;143.35674;159.8167;95.63902;182.81715;61.28982;46
23.124535;1.9860625;18.983696;167.2851;130.67007;77.363014;12
171.47282;74.29299;139.65822;172.65172;145.23555;183.1693;202
71.66755;130.60751;70.64237;189.6685;92.48674;180.96233;81
143.53505;176.68318;178.28413;3.7994146;24.046635;41.331768;157
27.436176;47.888588;164.54857;83.404434;39.563976;103.9714;226
100.296036;40.19395;98.22129;38.46742;154.21974;38.768696;15
181.73833;26.921345;46.797035;79.57685;19.29549;176.04501;15
5.945596;36.098907;126.43451;13.105655;134.93669;122.65875;40
64.44278;52.637733;90.057144;9.637904;138.76843;93.05184;209
96.190544;121.19221;94.29212;154.23058;165.51988;54.005577;23
69.14577;75.21864;68.63167;6.6244125;11.066782;16.517162;14
89.00902;170.32715;91.17617;151.99272;52.61654;62.056362;189
41.478783;43.45945;42.54337;170.92538;103.33657;167.29886;173
90.44091;180.80283;150.88982;164.5007;165.42548;27.049278;62
159.18628;116.495834;21.068584;147.30775;172.93321;24.827147;33
99.75896;46.09983;19.231518;12.64925;4.1711507;113.2864;237
159.44601;151.20905;101.34748;107.38019;86.499344;25.682724;43
24.990692;43.63146;66.44985;170.15591;24.371595;64.397224;103
8.883419;97.10916;29.27647;27.520895;119.11381;70.10281;43
27.801146;83.39204;97.15435;61.921726;45.383415;173.97571;61
9.191342;177.50574;68.43054;18.317556;121.02937;166.38206;33
69.7854;58.691692;28.329905;121.23739;78.95031;34.106125;195
58.573765;115.523186;171.63203;120.53002;45.14851;148.89415;214
62.230236;45.661808;78.391815;87.43211;124.32474;85.26987;122
94.27938;185.5432;67.09533;142.62851;141.7033;33.870422;184
8.334917;54.289223;103.33694;171.1116;140.38129;118.32206;162
19.277395;85.23749;72.91607;29.8648;76.61983;38.36293;58
118.9867;116.38453;85.90469;36.028255;119.125595;180.19044;25
140.89369;163.85812;105.59708;0.7555485;76.67737;80.88544;154
60.949776;195.65007;158.86224;141.77007;67.18834;157.46284;183
106.958954;67.9392;178.49484;54.496838;66.92031;13.15279;184
96.06567;34.271168;132.81659;27.880669;151.58289;176.73996;111
103.19057;9.08103;86.92531;137.53862;159.21414;46.38617;169
23.587717;68.13361;39.08571;167.25064;73.12844;166.82129;224
156.40604;166.22993;143.5692;142.52896;166.92616;105.82716;198
10.191934;94.09658;126.22762;147.50743;104.74461;158.89247;194
141.32185;39.37843;36.24684;132.4001;136.08478;184.64238;56
54.845604;151.90857;2.181159;70.28152;74.28925;181.13538;41
130.36385;151.76364;174.13336;178.23203;160.66628;44.84818;88
79.83044;68.09669;121.83413;129.14792;15.710168;190.21556;50
122.48157;36.841045;67.98337;155.2633;69.10858;182.6784;30
67.3031;118.74303;55.913834;187.87927;114.91099;197.26987;54
29.734135;53.436043;147.9486;192.87538;174.24988;8.65575;189
88.83663;111.61475;102.19935;105.6971;70.039276;2.903676;231
106.38472;14.163995;137.4532;56.5001;57.64331;165.60005;191
135.36304;177.08241;33.429405;184.59671;83.5831;57.240402;54
124.04103;147.4931;62.461884;148.76099;66.59719;113.38812;211
147.8193;142.05304;65.80739;145.27344;78.992905;110.54604;71
137.24059;68.365074;126.36136;115.69604;85.82902;56.304432;54
11.481403;138.58409;27.684772;121.23269;136.76825;23.159431;137
50.021263;62.168755;26.994295;1.9954324;22.039888;195.48627;19
21.375013;118.8786;42.888725;110.55149;152.54243;146.05508;129
116.72847;91.2557;75.40135;101.03258;99.29797;32.583153;113
150.83629;126.64248;126.847496;128.73807;104.97376;127.79592;49
8.307626;48.689987;146.26872;131.46248;117.216125;117.503944;126
20.66547;92.30107;79.006195;129.92212;5.339218;173.14394;233
46.422237;111.38171;131.75687;173.01448;83.66479;121.380295;193
39.11372;191.18474;148.32516;196.92079;154.40883;177.17255;116
85.42126;92.99884;32.592648;170.66049;28.204336;99.551895;99
128.96504;138.63644;89.12526;28.664291;124.21968;1.8585443;15
14.886946;17.52392;150.59042;110.00402;1.1769791;20.773542;157
122.7455;37.278557;34.00197;11.481583;121.3726;113.36409;7
83.90445;192.84164;32.258034;127.77286;119.90805;127.77878;186
22.842812;105.354706;53.42687;21.07991;166.947;131.02228;81
92.34078;107.8483;125.420906;175.61198;154.9328;29.955233;23
133.48285;159.68669;37.634197;21.893955;45.300377;197.38107;18
156.86693;193.00761;19.695454;179.88905;108.9295;52.261864;183
162.4551;127.61426;172.52945;53.541683;151.46745;67.37489;163
37.58798;171.8571;165.01619;51.648285;136.81946;166.7388;230
151.04832;56.67826;182.07265;180.7212;162.61453;93.27357;87
142.34195;152.43512;177.24304;0.33595562;149.66829;81.59042;137
92.42297;126.1781;51.21084;128.24257;129.38998;176.01418;208
145.30786;172.10347;170.04282;181.56517;24.719233;139.00455;186
124.78235;27.561104;15.040973;43.641174;5.3811474;2.9647589;141
129.32013;5.6620836;121.206856;34.94978;68.19802;17.33818;136
70.97886;97.33306;52.633762;139.69073;81.46412;173.37016;208
30.417574;59.407852;3.9996061;82.458405;93.329254;194.23502;163
11.228455;152.75943;182.89522;162.97331;106.12751;198.48058;20
146.9047;56.194782;98.633644;123.797455;143.98988;141.23398;163
117.77713;87.41443;11.743667;16.791153;117.817375;199.94658;173
98.10357;86.3465;137.8351;95.388626;124.46678;190.25758;176
173.81769;81.53822;180.24936;117.77431;12.732522;130.74463;56
39.491745;31.641865;6.4362116;52.37632;141.06387;185.4951;98
175.46878;36.318554;59.274822;194.85068;170.46133;30.153429;254
50.387268;175.61615;43.533848;190.39656;73.13369;29.645788;203
159.49214;62.378277;94.95783;75.61569;14.705847;139.05519;194
91.704094;7.1620226;158.343;93.25591;108.19808;167.96744;192
51.15235;152.363;35.788643;100.70547;157.22322;186.5524;35
106.13067;156.48804;167.18706;125.38995;178.45306;30.395603;67
13.473424;44.859146;116.10239;146.20508;177.51344;173.97333;3
69.457886;89.39819;114.48611;74.36913;55.165985;194.33185;253
176.8174;170.39122;48.565742;85.03395;171.24059;143.03754;186
163.7942;118.61326;14.590203;165.04074;42.548737;150.9179;106
117.997604;41.765987;3.3918755;77.677475;13.147045;111.56427;48
151.16844;174.84572;97.32432;119.84081;86.09296;126.44192;105
98.98854;106.087204;126.735306;103.54262;104.78579;38.021935;163
69.05632;18.705225;53.3072;153.8815;62.621014;156.9656;40
140.68987;194.65134;159.62665;143.62373;172.41473;111.02964;65
153.31696;42.09813;29.610758;127.69133;78.46875;62.32977;56
143.75235;90.365555;137.49031;158.1171;163.92674;142.85867;223
125.60048;88.09933;13.872982;152.68758;140.46054;55.624294;51
97.683426;97.83726;79.1922;106.773506;43.148243;181.41232;151
63.533875;63.513885;7.8833733;130.37477;107.35913;22.013092;136
25.442017;194.42018;125.240425;56.68298;161.20107;182.13116;107
112.03656;16.934835;42.008263;197.46863;35.497257;40.89563;145
126.66854;94.71855;6.8934164;135.84505;65.37314;20.761145;86
70.68728;139.97914;24.833218;50.097965;151.10126;13.833475;4
179.67381;79.57585;118.234795;72.27586;138.50597;136.95097;98
137.59813;123.25866;26.714046;67.24065;135.301;24.082184;196
3.1188898;60.289932;37.435284;16.576767;133.09886;180.23555;138
153.71019;113.33685;179.07454;161.66554;171.4041;176.4479;20
40.095833;95.694435;37.63482;150.91026;71.207695;68.142235;137
152.58745;77.34877;6.0280476;118.40506;180.42429;44.34701;88
115.62752;191.77097;132.33508;18.583727;72.937485;76.14276;188
21.983824;93.3365;75.37444;123.65329;53.688316;30.091154;47
68.88254;89.71123;105.71643;76.51575;26.04725;1.0439038;184
141.71417;126.57576;159.14264;83.304535;90.016464;97.82528;1
49.764713;27.598322;100.03112;55.120827;94.43865;138.13478;239
130.33173;71.07175;166.59782;193.29381;140.94392;80.70592;9
22.756565;150.06927;63.521214;42.51566;45.634094;13.742733;61
51.73136;34.648407;127.705925;83.40709;134.72798;57.034588;155
157.22195;111.03065;83.94685;56.746758;138.54582;69.17805;116
96.239655;28.098034;8.065302;179.3173;114.82804;116.78681;215
131.17715;148.4498;72.22592;8.818329;9.213866;179.64676;182
54.247868;93.973076;139.26086;179.1967;2.2057123;82.55259;36
126.59542;166.99281;144.06299;67.53086;35.5676;135.81358;163
140.55933;46.55479;165.33733;165.63623;74.03713;28.528858;116
26.297798;132.94054;141.59225;165.9735;39.175663;104.096924;162
62.809498;170.45964;43.413147;34.743164;151.84604;11.39009;234
120.989006;8.350313;33.149593;154.68536;97.22845;81.61337;197
77.8389;77.0462;127.38097;107.50609;50.33717;197.7111;86
110.41274;100.3341;104.34279;17.720402;168.3029;6.1353326;116
125.58084;171.7877;100.695595;101.90797;39.132797;158.18633;55
20.551027;161.24539;101.4411;179.19756;161.7317;125.383064;191
146.5743;178.71394;66.94121;28.77567;138.53615;103.39902;161
141.96452;39.85653;122.017296;49.868763;126.95529;128.4367;225
176.1625;41.096832;5.7329516;172.98517;45.68307;185.98708;229
176.95703;102.652336;85.56556;135.08183;145.42577;189.4278;118
102.15874;115.40086;91.85379;168.70532;69.12694;113.636505;235
132.7573;82.328705;16.171682;25.830996;76.69258;76.20374;85
182.35085;197.60036;16.739414;91.472244;77.928825;135.54004;6
86.91362;8.921051;63.386044;124.598145;6.0937877;115.3067;56
166.03128;132.76395;58.4555;30.146671;146.7988;57.199574;89
129.53506;15.12109;67.154335;192.31793;107.250145;1.6534448;107
3.1017866;66.045746;28.5661;105.71097;66.60237;74.709465;208
61.24688;85.99477;142.6273;149.363;89.28358;148.47311;204
130.94301;62.594234;69.64231;93.94685;48.01087;181.81912;183
34.566418;177.53645;74.835884;92.44145;16.608479;15.45105;36
175.25003;72.59651;165.28587;132.52235;99.82759;64.968346;24
7.933254;113.04276;178.04645;31.458246;114.836044;95.6174;166
53.066612;2.4940252;149.69838;90.38503;25.068409;49.495472;240
150.47392;177.58511;151.10855;132.2912;170.85423;156.78786;105
56.26578;25.767815;102.39245;106.48545;47.512775;21.091736;245
100.10645;76.01391;172.80055;109.39375;55.265213;0.25331974;21
160.13866;149.8288;155.38824;95.78875;63.61683;66.87355;80
178.6383;161.34009;158.20657;38.92883;64.08021;99.48262;36
113.19594;123.04727;94.33024;38.98845;98.61929;104.54266;24
58.884438;113.38469;30.402206;168.68018;114.83541;80.136284;102
158.01178;68.62899;13.641674;87.403366;111.87836;160.1874;44
155.82396;14.893806;10.971929;187.32791;20.149494;86.85154;202
172.69666;184.25537;23.065044;173.70032;152.28598;186.14764;196
52.913338;11.64049;12.6978245;42.960857;9.649649;79.00956;219
14.481094;181.6296;1.051083;11.222994;88.85186;48.55331;230
67.09496;158.41542;6.8493714;110.37042;165.00565;95.1275;75
173.91498;100.56212;79.84696;152.26054;158.912;42.34631;27
102.3578;4.604304;172.50868;119.46767;128.80594;183.0599;49
148.38797;37.128567;173.85849;33.43557;176.54965;161.59067;189
115.99997;136.40196;64.91215;177.04202;35.998363;0.16456842;47
169.36887;71.564255;78.62689;129.89825;119.48124;95.841995;15
116.131096;24.027908;90.29342;167.32072;79.81068;106.6911;248
3.5586317;75.2975;173.72282;6.3292623;54.386425;138.48537;194
79.42689;114.91084;4.5746465;71.05895;145.53143;66.21505;155
131.26569;185.59714;152.62616;130.6311;110.838554;119.6653;7
142.54517;195.00026;102.476295;0.86864233;14.078983;160.55774;175
103.977036;133.93086;167.32957;163.16696;36.198727;132.58649;136
74.20073;118.810585;154.92493;128.84546;111.45224;120.97143;25
37.964336;144.19978;142.25764;27.479385;9.689189;51.906715;180
73.24202;76.18606;29.998482;23.4627;53.25551;103.35466;225
28.796164;48.82411;0.34118038;105.52192;146.91774;198.22485;244
44.19831;161.2044;4.2543764;92.94927;23.09119;121.23006;83
170.40013;1.8600941;123.63306;34.969078;78.46202;120.04318;140
168.05243;144.70801;171.84639;176.24867;49.483963;176.74492;142
57.992016;78.36454;179.70602;178.54924;111.479;184.56363;213
138.15704;27.363813;175.82298;2.2082806;163.56075;46.55317;237
55.184246;162.8754;47.49719;154.14445;99.34957;72.66078;166
140.1595;54.1939;22.404934;118.570816;20.306784;180.32033;130
147.5723;171.07314;9.811082;84.192635;48.73813;49.866688;242
150.59378;163.84468;82.35781;115.22889;117.608116;194.76834;215
153.71988;168.79442;120.75242;178.66759;148.36017;97.36801;216
95.78086;25.75134;133.3406;20.10442;12.114527;125.38249;184
88.16788;191.25723;157.27708;174.14102;10.28815;120.87788;186
33.78901;62.259686;132.71419;173.3934;73.95823;177.21552;111
76.28674;42.29007;148.48016;179.31516;154.63614;153.89969;143
0.25510812;96.92962;111.79496;66.58857;7.9031267;162.79253;85
160.61653;127.21628;116.4006;60.47486;106.783035;49.732758;159
103.3694;114.66077;147.94499;57.594322;123.20467;62.668453;90
170.36705;191.1415;113.568054;131.27898;166.54085;164.77809;148
168.92622;54.309464;39.906696;130.19492;88.73432;47.320652;110
96.317024;198.83832;39.726753;145.4203;173.30586;100.20225;24
47.291916;72.529366;134.26479;90.36466;145.20529;123.95422;0
141.07356;57.2605;87.09332;106.84266;15.038814;45.46162;246
159.24725;188.31743;116.27238;18.570591;177.37125;22.378922;170
27.449614;158.93892;55.697636;19.705725;40.794796;51.432217;5
156.5098;125.965546;115.97251;25.306786;11.468445;123.84727;150
125.03426;113.68736;36.10886;111.3065;135.14359;102.03432;89
171.30643;63.055706;33.728527;61.81202;71.9833;5.9136987;113
165.08516;106.39119;160.78113;119.324875;104.4844;156.58218;56
51.56429;41.41376;98.23057;95.19036;4.9651184;109.35624;50
153.83084;4.829049;6.708172;190.0785;27.315351;60.782276;116
4.2523584;185.9403;45.472454;8.845509;170.09604;3.4547567;208
24.536694;33.460533;149.40454;134.12746;85.65468;158.55782;65
122.68935;9.280157;66.64606;29.464413;162.011;83.63916;58
95.73505;18.254398;7.867579;11.657179;107.656845;118.10854;194
96.52599;15.183031;107.706795;94.39597;166.78395;118.68197;30
146.00533;126.203606;49.525227;129.5862;140.4406;184.1301;101
98.03245;178.53973;164.92218;55.37758;159.9696;110.00711;212
39.29181;128.694;140.08955;23.953665;110.324295;4.3028355;34
15.732954;40.85878;153.1992;164.47556;79.71305;86.3866;75
68.37485;148.2633;53.575813;25.724709;48.676197;69.138145;26
112.07423;54.037224;174.94563;57.03796;134.85661;14.606274;228
102.70917;54.46236;32.740925;61.33529;73.13186;186.1608;9
173.12393;84.78635;149.02817;183.92307;57.71939;176.70737;198
159.08928;98.85937;97.331184;128.838;168.8029;8.036828;11
24.198862;146.48322;180.36343;131.90558;61.347656;25.309944;69
166.47566;66.09964;169.06706;104.622925;59.14597;37.605785;171
34.0337;55.756496;23.909264;117.84755;131.63388;35.74828;124
27.731281;168.93008;13.2856045;147.39288;131.28293;56.78216;206
57.733036;62.86751;64.9086;187.58853;110.35778;185.1214;138
40.361458;52.07528;16.034584;168.90605;93.46366;138.59097;186
15.996549;28.422379;44.138546;46.885635;141.48495;132.12674;63
40.690105;29.183556;121.462616;39.65485;1.3692591;117.51162;212
148.6883;107.449135;17.826548;197.87584;79.58817;26.207066;205
110.38098;133.7331;43.930573;16.079449;139.24307;162.22145;23
99.05282;195.20148;53.23749;55.03943;5.75372;147.3747;118
65.74709;145.61902;129.50638;119.31778;11.295962;84.942986;190
18.646507;71.76857;175.96266;16.41928;157.17445;126.95079;98
172.06384;0.012910366;180.63234;196.32828;63.670616;28.30969;250
138.41046;179.55305;25.045906;150.22974;177.61317;197.33945;22
93.14351;165.58748;141.07898;132.50392;169.90633;171.95105;31
75.36976;187.73117;150.58086;103.20981;55.4792;71.29945;26
63.196503;3.415954;89.61795;199.44983;55.8139;62.753296;156
30.839243;77.942184;126.60122;107.0974;120.849106;85.75096;46
55.117317;13.793802;141.12181;112.275314;168.88078;44.292786;120
89.59817;129.4906;88.68012;170.60953;92.65101;28.665125;134
70.59937;56.971695;156.53003;103.925415;148.15295;2.8323889;222
51.90678;62.408413;92.118706;141.36131;151.87648;22.437084;160
124.826256;141.12747;48.744576;18.302143;104.04535;29.878437;11
163.95308;50.439835;123.37748;21.346272;107.78837;49.37297;23
169.37817;179.16698;107.989365;67.47763;28.241596;137.1926;201
52.4858;145.99525;141.92073;16.446936;125.76839;28.64597;20
20.704073;72.37928;182.9996;198.38051;125.326164;29.1095;50
35.155804;189.46445;132.2855;57.851315;122.774635;106.11943;151
80.41555;36.024677;43.202606;114.225266;115.33945;35.93842;113
112.851746;3.017497;17.794685;95.15135;40.176453;118.987335;244
107.402;25.238121;34.66125;180.2151;163.81671;96.47944;235
93.17986;111.97279;130.26825;125.3567;18.986958;9.190917;60
181.04094;13.821114;138.84021;21.549988;41.830936;13.11779;117
93.3293;97.27366;25.783033;0.80337524;121.32584;68.16432;26
84.39952;112.97137;11.013138;78.65187;96.49238;36.994507;79
74.566765;133.74373;59.516098;132.40552;170.8959;107.29917;236
67.56466;98.874725;121.83692;71.98488;159.85509;79.16173;197
125.773964;148.00816;24.921984;19.806326;66.60805;130.05875;53
153.4345;17.18403;34.826424;90.05852;109.273674;128.76767;224
76.08154;192.06377;19.858839;3.7359476;22.445696;51.833534;71
105.81556;151.459;140.20447;52.088917;160.93834;194.34773;148
155.66826;125.36782;42.991737;53.746307;175.75775;102.484406;69
181.84738;130.59373;142.47537;32.550514;135.06761;27.72863;155
180.41731;155.29404;139.46277;172.792;177.23013;102.96936;234
112.47123;71.449326;161.08745;84.68261;94.13657;172.76009;133
64.84226;71.59076;153.63039;117.45444;180.83923;116.29319;50
107.9207;91.24198;62.80336;148.98593;85.91619;95.5336;0
163.51495;88.097786;35.309013;107.8068;72.77721;15.891695;74
171.63597;123.55336;163.17505;143.05978;30.651272;74.581406;253
19.95812;151.48096;74.879074;93.334816;71.57071;174.62624;21
94.31059;115.47017;39.073284;113.803566;31.395576;14.910245;174
34.502457;128.20514;138.11613;174.30487;30.03766;7.400644;30
64.53;56.83931;1.3655179;171.34802;125.69251;38.818264;150
88.4467;133.56587;67.53938;6.188488;150.11472;188.39185;116
150.20763;155.64632;156.67249;9.383559;178.4232;110.15099;210
27.282454;79.634285;109.37454;172.84569;17.084675;158.49092;10
2.9489377;167.96176;77.15944;9.428477;104.45423;68.38299;238
49.69031;160.67284;60.601135;146.92647;138.10593;28.272034;116
20.993986;90.80154;20.732944;88.907074;182.62643;142.12372;241
129.82475;23.361206;173.44101;14.093924;162.82263;61.74309;64
78.953064;196.30756;96.310936;114.97195;28.37371;91.29109;4
115.84165;81.130005;104.804184;59.278214;174.20464;61.039078;66
143.33871;103.98135;43.394634;113.069824;106.89147;15.459466;123
178.6061;195.06815;127.00538;186.05151;133.1237;50.431297;99
17.307953;13.072861;105.895546;190.79176;69.29163;110.11024;81
17.658537;62.169075;80.38352;88.786674;96.63537;53.275322;91
109.07673;141.3107;168.03831;146.04877;39.047455;37.92168;71
80.64487;180.44383;7.5657535;162.02753;8.153741;87.29428;168
21.530807;116.25629;105.65129;109.72818;174.01312;100.658775;107
79.79613;111.44914;116.92168;84.76361;122.985954;67.826416;145
26.071203;22.028458;177.14713;132.75217;66.35142;165.18408;141
128.21843;166.71002;36.21464;72.87134;128.81084;139.14134;109
55.16446;95.36058;174.0274;183.19803;120.224464;99.0677;246
120.3644;41.292583;180.55728;32.340694;44.370663;41.983246;85
72.61812;195.66806;7.656396;187.24983;149.94608;53.2169;159
44.037933;4.5264244;111.77313;148.6722;69.96165;75.550804;45
150.5475;104.38794;45.85073;116.50806;62.779385;188.90807;1
14.45845;142.31136;158.44145;47.438168;135.50418;179.84851;180
104.95798;33.751213;182.41753;58.151688;107.01455;182.67499;233
112.5129;98.454216;139.40736;11.035585;6.777785;159.6103;27
6.723334;29.799927;112.92036;188.78658;79.8911;14.331865;93
10.012176;89.00361;124.558205;198.04953;95.73446;99.338684;46
88.76382;187.77498;79.80636;9.830236;78.04971;33.974422;216
104.6494;69.51802;18.449558;119.63263;70.58594;133.37988;176
171.89932;175.8946;11.160086;67.5485;14.090251;62.026787;50
36.035496;43.206833;23.388577;197.13945;114.40175;38.98789;148
97.05106;128.86203;102.43548;22.935127;67.0292;100.2907;122
56.85992;18.050694;22.728357;62.561344;118.93686;83.94909;61
12.269165;102.497375;25.255814;60.198357;68.543686;187.80264;172
93.54415;119.85617;36.303646;156.887;88.64645;142.40907;173
177.14355;34.1373;0.84045625;114.63572;15.294663;82.87209;72
146.59636;50.949646;52.23316;175.27315;13.294811;2.0515203;205
157.67297;55.913578;30.491201;105.41153;138.12811;116.085205;54
41.48588;41.869522;121.22951;158.44408;164.6798;18.427586;4
142.19792;126.9484;128.77097;178.18298;149.48964;63.192688;173
65.30204;143.10262;45.223705;0.10428429;100.72491;71.0548;186
29.416296;69.735405;171.77867;197.47813;33.45856;112.428986;122
54.209995;166.71506;52.494755;145.40965;32.17604;157.78587;140
112.88917;116.01559;174.03537;11.866343;63.796432;38.125492;183
180.04279;183.94981;75.56582;164.49057;121.41156;47.293236;126
137.46555;98.99107;46.186993;123.652374;1.7100687;1.2440562;18
35.49047;75.54139;112.53626;122.31083;1.679091;5.64425;109
130.25085;165.50096;121.0335;135.69041;31.10599;120.83696;29
50.345284;40.542233;69.835945;180.62477;1.0785158;106.40066;3
143.92647;49.287605;136.26498;148.17322;83.196594;156.97182;33
83.94771;134.88022;88.40181;172.68054;12.5394125;108.016815;102
79.8998;68.88783;115.70937;126.219986;88.36957;195.12341;68
14.499289;166.49739;95.71946;26.376701;10.245905;138.99898;228
156.20721;104.35299;17.439838;10.980344;18.621693;87.32809;131
182.6154;59.750713;5.729374;38.141777;94.11291;107.18676;77
71.30219;38.18916;73.866325;104.66756;76.2271;15.215516;128
122.78941;90.01181;57.7164;1.2626529;10.635112;6.441021;90
68.335815;117.93457;84.14316;55.675613;159.77846;86.69412;44
97.54624;113.83126;156.6278;94.22726;59.497837;4.67304;241
12.7093315;153.67848;78.489006;197.48647;46.328934;171.72444;117
7.097837;59.41484;63.902588;185.86641;35.284687;157.74254;249
14.824271;156.79503;113.74397;38.230038;91.17789;192.48051;35
37.96992;61.238205;116.462715;28.467178;84.7714;86.69847;243
64.279854;199.14334;23.946316;25.296665;54.722675;34.63019;233
105.838455;43.948303;167.34291;80.84272;28.926334;170.33513;182
143.56862;150.62929;120.29939;101.91932;26.377031;101.652885;208
39.403156;14.741838;146.5551;52.71776;58.290253;25.52513;191
80.93951;2.3020983;176.86983;123.39162;159.69812;21.85005;249
141.78836;130.81778;8.523532;26.368511;160.47447;136.8727;248
165.16466;123.95113;124.37085;111.07318;84.84441;28.687513;240
22.971043;19.15207;19.981462;166.39447;31.139639;184.07982;207
10.914478;158.8858;44.898308;185.16197;109.89515;85.71247;61
0.04080552;140.08063;48.270298;113.24586;81.21986;48.88741;4
63.632153;18.286396;93.39492;17.995632;5.831273;36.33052;214
41.20451;92.55427;179.3332;158.27646;149.6695;159.08829;89
0.6712895;79.60154;107.35598;106.730606;78.20263;118.92611;119
82.87281;86.71705;141.69174;41.8661;130.48824;170.84964;150
61.36526;3.2751799;70.997055;178.121;32.43286;79.90557;80
69.56165;145.36523;107.743126;114.28458;29.78083;124.39705;8
100.3763;194.57472;155.2479;172.82413;22.823244;6.845641;73
159.72452;195.12897;150.02731;132.83081;21.245626;130.31152;252
51.71416;132.88142;102.60977;111.8474;168.16565;186.32681;58
123.927536;94.448456;181.59142;132.4572;83.63636;50.76914;138
36.90877;71.41956;105.18066;31.215084;103.44322;51.19004;218
174.9946;50.910995;54.799377;111.27484;175.63019;189.09708;208
89.49622;8.673048;175.88246;111.0195;11.713322;160.71204;51
165.76837;159.1948;42.210686;48.230553;181.84534;139.20753;205
121.31152;97.70936;102.82119;176.2286;148.88026;13.098097;164
131.1081;106.82589;13.567382;174.60167;33.731274;69.11723;245
121.2361;170.52783;35.55232;0.95791817;48.57721;80.47867;83
80.23435;134.81783;107.967354;96.470055;89.53799;139.95654;179
92.46131;88.770805;46.934547;127.13532;135.76697;128.47775;144
43.59457;60.05622;14.255513;106.91463;109.51738;44.436943;8
92.64947;58.98657;122.64586;124.40298;84.514534;142.41501;175
90.43245;183.76091;137.22394;105.957016;119.15677;165.64574;109
109.87676;13.798916;1.650502;195.5358;28.405025;62.067593;4
95.30588;122.51485;75.44991;125.09153;124.28625;59.547363;13
80.60132;87.38666;178.99557;72.48095;165.9561;51.18916;183
45.200134;104.64518;38.85798;142.2854;115.34827;131.13438;232
85.17143;150.06024;140.8386;184.34999;169.96468;64.84078;244
163.38963;187.57098;164.7965;3.6941886;88.659035;9.99167;171
121.571106;165.72935;123.53503;46.76926;149.83168;87.78735;97
160.90434;126.21756;171.67303;83.48056;108.605286;117.964066;184
2.9321072;163.44539;77.762276;191.1839;137.04955;145.53459;89
66.77545;137.5352;11.789883;83.31502;4.6281266;161.58653;134
0.1780892;40.178955;156.52843;85.36894;69.24822;167.83922;230
14.122636;158.93155;84.870125;117.961624;70.754654;61.5556;217
65.17733;89.52014;150.83936;152.12656;9.323052;68.888596;65
132.72238;117.68332;138.06653;154.04344;162.64407;125.89507;96
132.73871;120.389084;106.73076;195.7032;8.853216;48.261906;167
38.184387;30.535435;66.0014;14.942074;58.921062;148.86705;118
96.561584;130.1787;97.50007;192.87454;143.5362;30.451775;237
32.089466;185.13736;137.19345;31.667053;19.358898;65.71924;115
62.700043;91.010475;129.31335;48.191154;120.4765;87.11718;34
68.34553;96.95827;56.985786;91.84133;101.66104;195.19962;88
22.883377;4.859519;15.458322;96.52295;181.64618;39.166035;183
17.916786;76.21011;144.2708;93.52567;51.083523;27.460648;59
132.53651;68.25684;101.760544;44.45785;3.1600118;34.550606;64
1.3447497;108.223656;114.38754;10.555172;102.20057;128.16983;138
126.21447;142.06184;78.504524;21.97138;15.260391;190.20847;117
173.32484;129.83168;88.42088;133.42584;70.551445;85.155045;89
15.638854;77.16624;129.94379;55.81733;161.09836;84.841415;182
91.255135;110.64495;1.734371;154.7366;67.97148;82.85036;220
13.836376;37.822376;81.63222;103.49793;34.751183;37.41976;38
124.97603;173.2839;122.611626;166.39568;104.98758;13.0743265;93
42.304512;174.67958;29.066193;27.088308;86.40435;16.750086;169
22.88161;187.69789;63.137875;133.00417;124.41365;130.59564;147
179.129;11.714804;58.003883;76.81881;2.838716;108.181206;148
81.34124;47.621464;15.759188;93.75236;68.24194;104.16614;185
172.80135;108.35091;88.8733;68.43772;4.290284;181.50484;195
123.028725;90.728035;146.01083;181.69286;0.065009594;58.491207;185
112.84302;164.49492;28.386951;17.549562;56.842316;68.15416;194
141.72424;183.99402;86.74287;103.76741;47.739532;124.84762;30
60.62267;198.93953;169.156;158.67528;163.33476;84.36855;81
181.31305;174.32921;123.84079;54.074215;102.610435;167.21211;11
148.18166;190.84225;97.70719;198.64217;87.48685;179.34549;6
107.056206;145.3046;134.73315;29.56928;39.38509;59.173416;172
85.51717;199.80211;175.3799;24.770224;85.35321;82.9792;206
78.646385;158.37225;68.17942;152.6489;50.783848;18.193363;178
179.09814;117.92018;179.63658;112.656715;107.577835;161.16182;202
88.567696;26.85287;44.359035;172.4549;37.863487;124.11604;65
57.96023;32.06018;94.357124;81.92091;10.046971;83.72845;204
48.64767;86.29869;9.322321;126.89959;171.43152;184.5554;199
105.9432;75.369095;53.442905;125.56402;72.65636;132.89279;156
103.61676;69.737885;105.67845;56.815945;80.32155;86.53995;158
158.78107;100.06067;23.2401;53.331375;20.20664;89.65541;3
111.0016;73.91923;160.4547;51.86342;107.34293;19.53392;163
162.29607;188.90694;148.1642;63.99889;153.74744;173.5187;220
19.60216;46.465347;127.50807;100.18713;141.15663;14.363432;186
180.44115;130.23602;68.03444;88.40417;121.61153;66.60661;52
46.614246;129.29474;52.338306;84.3035;92.43003;100.63742;250
99.80501;124.390854;18.656925;191.61183;0.7663606;48.241783;112
127.34254;126.58181;129.68721;54.503345;13.24156;193.41191;4
54.283;5.6408286;54.96572;9.598374;114.561554;150.55534;57
10.364624;141.78262;75.180595;106.32895;54.90479;45.648552;235
7.3915253;107.709145;98.122795;187.14845;46.707245;24.282455;126
134.58904;199.96321;41.766438;156.74472;91.79864;156.04045;184
96.073586;38.033676;47.107456;92.59423;67.206;43.02249;194
95.086105;177.7851;125.358284;16.10738;58.218643;123.309616;127
30.053936;118.23012;2.5587275;93.72694;103.27265;92.5027;232
81.34249;39.44776;99.59424;101.424385;50.034286;77.834465;174
44.139977;13.04698;96.24916;46.339046;32.956287;139.39244;185
94.01583;164.04427;129.9732;136.33685;134.35301;193.44458;104
52.014133;187.3501;49.875534;119.39879;59.21676;24.258184;95
153.04039;63.56169;157.35782;0.8933425;32.2575;165.0557;36
58.659542;158.46028;58.52722;1.3457179;157.13077;1.6183376;239
69.171776;118.86256;146.03413;118.74827;45.204586;88.19978;185
5.885506;134.62718;146.42365;44.702496;92.90286;16.649712;91
84.7892;100.96567;182.36287;49.688004;146.46396;97.787895;104
48.825512;64.02346;135.12779;112.850296;107.64372;15.881693;188
34.30867;37.1688;45.079113;128.78687;50.600403;188.12387;115
58.598766;124.97704;53.613064;30.502129;30.347254;151.70102;9
22.53731;23.352505;109.45336;65.31569;2.5039275;165.757;66
63.669514;59.647896;163.24106;10.837865;109.169655;78.168015;177
132.04066;146.22456;109.12384;40.178513;111.54188;144.05681;204
22.272003;104.33725;93.1742;45.397423;86.859985;71.52142;226
160.76526;110.92542;143.96855;148.24693;173.28943;172.37622;183
122.07982;114.558365;52.134007;114.95951;80.46051;109.90291;204
34.37761;144.58649;147.46191;155.19853;136.08757;114.944305;159
161.38492;177.05658;173.38896;114.76686;40.179234;121.922874;243
1.8807952;2.6382089;21.438736;167.33627;91.21121;194.3939;149
90.98816;189.19438;68.44672;107.62386;133.10399;191.40297;82
98.72776;48.208652;176.85254;86.275055;61.895405;173.22363;7
53.29216;193.33092;161.5898;23.410177;21.238241;118.60996;23
78.825386;67.44726;67.97469;127.93981;40.558994;57.392563;140
68.12139;163.98233;46.193493;110.975876;62.102074;145.49542;227
68.206856;17.06444;77.084305;185.51671;8.837225;16.275406;137
63.02931;53.390778;166.1299;186.677;78.914314;100.490204;88
17.357801;97.53694;65.28407;73.080536;133.45387;127.98382;84
76.89513;29.917454;165.59174;137.40918;42.930492;66.85007;202
158.89755;143.11853;140.98573;119.2667;114.89764;146.544;175
95.48306;158.23503;171.0274;149.28055;24.561192;45.10249;101
107.670044;51.666748;12.7674265;58.374153;104.838646;13.496553;145
110.544365;168.0777;14.076573;15.241528;41.048378;152.62779;19
15.605149;180.54654;54.247257;79.46596;168.62234;79.95489;174
68.86137;30.086876;147.71672;165.63255;177.10019;100.57429;75
50.737347;55.328453;167.91156;99.23795;121.30439;187.11842;89
11.961035;119.744385;90.93844;191.87508;146.38559;145.83595;108
126.59971;119.41247;73.578;26.225842;8.527797;153.01614;231
47.433662;86.10959;100.778984;21.62758;101.0087;69.181206;91
119.34854;103.13375;79.68787;51.60234;57.914898;21.461905;44
41.2128;37.767017;108.73745;134.03629;120.92843;191.03674;12
34.46344;33.88623;89.49923;26.404274;62.161095;129.39128;173
154.01901;78.192665;44.557705;197.48227;106.63054;85.632256;201
72.56962;52.95235;106.410736;139.08263;143.38383;46.643185;47
94.34112;94.80411;46.514038;55.244923;52.116554;87.04768;61
115.773766;90.628586;55.708443;125.67117;78.87985;61.800503;97
172.30719;163.61734;24.821667;36.119797;36.514328;90.485016;13
68.39357;177.26224;95.618164;194.99649;70.07359;96.77069;96
18.21824;43.817856;92.87781;171.55473;11.059157;194.27939;187
90.85605;152.7947;111.6014;13.262057;126.63558;51.37806;178
47.601128;111.17289;79.632675;112.97989;5.558964;153.15242;185
99.838974;152.08234;135.30089;70.26091;42.11171;63.184715;109
85.24149;101.320305;27.643911;138.24022;121.75845;105.97552;116
14.921316;64.77318;156.3486;173.875;109.91197;120.10572;197
127.32774;56.410088;154.8338;2.8524995;162.01715;96.09182;63
69.54798;139.13098;89.35059;96.279945;120.1815;100.861374;63
135.76974;39.22273;122.94617;120.76975;140.28316;88.95732;117
120.5522;112.53296;52.18428;68.748;27.33239;138.16356;13
45.863842;143.15814;73.796295;92.3919;7.883831;150.69139;107
6.659884;4.272318;11.086742;188.38632;85.04257;105.65711;21
44.576546;20.050013;122.13403;183.8862;181.65295;101.340355;61
140.18265;82.69808;26.912304;13.853455;1.5410546;84.736;134
169.75803;70.23225;124.980125;106.092026;159.68332;52.325893;99
47.288174;156.36484;143.98909;173.59637;56.56742;22.17667;209
8.696931;116.48727;166.02203;66.682434;91.63522;124.3595;214
152.39436;108.22841;113.314316;4.792738;88.24419;49.384796;133
147.14006;91.88756;62.256176;76.2308;110.61679;195.9522;227
2.4788616;94.7525;106.580986;168.77711;103.319016;188.67976;57
178.11336;24.258863;42.45903;76.2633;60.005;134.97137;122
151.7853;194.7268;5.0704103;166.28328;35.92009;172.952;85
128.00328;139.69643;105.73733;113.83568;104.64018;94.7396;99
33.573376;73.95539;18.474756;166.78157;147.88467;185.76591;192
141.29845;33.111656;106.42926;194.08838;127.78314;121.72072;12
83.30078;118.94328;152.31757;193.54723;56.945274;82.20911;211
71.037476;144.83113;22.777344;79.98621;117.73327;96.81455;37
115.5777;136.65039;33.04488;110.91664;128.60695;141.21617;216
144.97127;172.28676;9.978635;70.36963;129.33685;165.00829;44
178.49501;52.115036;94.37278;173.91382;12.345693;55.95536;59
36.072285;186.31981;35.119392;123.14348;40.5576;160.90282;57
