174.0;277.0;229.0;253.0;259.0;274.0;0
153.0;55.0;210.0;6.0;178.0;50.0;1
206.0;102.0;151.0;140.0;232.0;102.0;203
213.0;67.0;43.0;287.0;116.0;153.0;0
5.0;32.0;53.0;39.0;61.0;61.0;0
273.0;96.0;281.0;101.0;18.0;162.0;0
17.0;258.0;58.0;290.0;63.0;281.0;0
185.38283;189.65091;37.0;73.0;33.0;2.0;0
3.0;8.0;28.0;13.0;18.0;11.0;0
68.0;83.0;135.0;84.0;104.0;120.0;0
167.0;239.0;158.0;245.0;189.0;272.0;4
59.0;14.0;14.0;23.0;25.0;16.0;123
235.11014;11.112373;34.0;7.0;23.0;12.0;0
284.0;209.0;287.0;218.0;280.0;169.0;0
8.0;90.0;10.0;140.0;39.0;83.0;0
61.0;289.0;137.0;158.0;181.0;257.0;1
129.06389;19.964638;119.42171;78.066475;183.7964;8.270058;0
251.0;82.0;4.0;154.0;48.0;222.0;0
294.0;295.0;268.0;242.0;279.0;239.0;1
0.0;60.0;145.0;65.0;83.0;45.0;0
18.0;85.0;69.0;87.0;37.0;133.0;0
60.0;336.0;9.0;94.0;138.0;68.0;0
213.0;104.0;261.0;91.0;248.0;108.0;217
50.0;13.0;26.0;69.0;100.0;17.0;130
1.0;59.0;77.0;2.0;118.0;65.0;0
176.0;9.0;161.0;54.0;172.0;63.0;2
237.0;165.0;276.0;183.0;28.0;286.0;153
290.0;253.0;278.0;243.0;294.0;241.0;0
270.0;28.0;187.0;58.0;104.0;277.0;195
240.0;29.0;294.0;9.0;254.0;12.0;0
261.0;288.0;261.0;227.0;15.103144;269.6194;0
181.0;77.0;287.0;81.0;298.0;134.0;0
249.0;67.0;168.0;140.0;241.0;47.0;0
39.0;281.0;55.0;270.0;20.0;289.0;0
56.0;292.0;25.0;269.0;24.0;244.0;18
43.0;275.0;70.0;292.0;3.0;251.0;0
26.0;318.0;62.0;334.0;26.0;321.0;0
33.0;95.0;13.0;94.0;42.0;109.0;0
59.0;68.0;17.0;26.0;49.0;60.0;0
143.0;57.0;97.0;0.0;87.0;47.0;63
119.0;72.0;119.0;122.0;123.0;90.0;0
278.0;82.0;196.0;19.0;298.0;31.0;0
20.0;220.0;44.0;189.0;62.0;186.0;0
243.0;235.0;73.0;323.0;45.0;307.0;0
294.0;281.0;7.0;318.0;37.0;333.0;0
236.0;160.0;250.0;179.0;277.0;205.0;0
262.0;3.0;298.0;63.0;57.0;85.0;0
175.0;17.0;161.0;45.0;174.0;73.0;0
209.0;115.0;214.0;107.0;175.0;97.0;0
51.0;277.0;61.0;252.0;63.0;295.0;0
222.0;105.0;166.0;100.0;164.0;120.0;0
241.0;253.0;203.0;255.0;280.41986;246.01053;111
77.12059;170.40271;294.3703;19.260508;129.1138;160.62698;0
102.0;218.0;174.0;212.0;220.0;169.0;2
64.0;106.0;54.0;113.0;133.0;126.0;244
81.0;2.0;91.0;31.0;137.0;35.0;54
140.0;68.0;106.0;17.0;116.0;67.0;0
214.0;247.0;195.0;236.0;248.0;276.0;0
94.0;23.0;116.0;59.0;94.0;21.0;0
104.0;300.0;68.0;187.0;183.0;162.0;233
59.0;163.0;66.0;187.0;5.0;217.0;2
274.0;7.0;286.0;68.0;54.0;89.0;12
279.0;43.0;278.0;59.0;270.0;28.0;0
173.0;122.0;193.0;147.0;215.0;137.0;0
128.0;23.0;126.0;71.0;97.0;54.0;215
264.0;91.0;288.0;91.0;16.0;179.0;0
296.0;102.0;231.0;77.0;266.0;114.0;0
175.0;220.0;206.0;171.0;164.0;195.0;0
219.0;105.0;221.0;121.0;155.0;86.0;1
29.0;247.0;26.0;295.0;48.0;227.0;1
72.0;68.0;11.0;41.0;57.0;45.0;0
44.0;164.0;23.0;207.0;70.0;180.0;1
47.0;248.0;161.0;221.0;191.0;277.0;0
59.0;282.0;239.0;275.0;191.0;274.0;0
46.0;305.0;15.0;322.0;66.0;344.0;0
22.0;70.0;22.0;11.0;35.0;65.0;4
105.312416;129.15443;298.89893;45.884792;68.0;30.0;182
154.0;286.0;182.0;268.0;159.0;280.0;162
112.0;202.0;121.0;238.0;7.0;196.0;0
177.0;76.0;195.0;138.0;175.0;147.0;0
295.0;86.0;283.0;105.0;232.0;102.0;239
73.0;114.0;116.0;132.0;112.0;87.0;54
5.0;145.0;36.0;82.0;76.0;131.0;0
154.0;9.0;208.0;10.0;173.0;34.0;80
162.0;267.0;194.0;292.0;219.0;284.0;221
246.0;120.0;38.0;184.0;21.0;155.0;0
97.0;225.0;141.0;236.0;127.0;245.0;0
275.0;118.0;292.0;130.0;151.0;150.0;1
119.0;160.0;92.0;204.0;87.0;202.0;4
257.0;106.0;256.0;12.0;250.0;72.0;0
215.96368;295.7882;210.96182;94.44983;212.45168;243.3041;1
71.0;237.0;92.0;228.0;191.0;187.0;1
208.0;238.0;181.0;260.0;169.0;271.0;0
299.0;161.0;155.0;263.0;152.0;225.0;0
171.0;10.0;203.0;6.0;194.0;59.0;77
40.0;246.0;46.0;298.0;32.0;248.0;0
260.0;155.0;261.0;209.0;254.0;159.0;1
127.0;279.0;93.0;229.0;138.0;258.0;0
97.0;102.0;102.0;78.0;146.0;106.0;0
113.0;126.0;152.0;113.0;164.0;110.0;0
286.0;223.0;283.0;201.0;265.0;201.0;0
128.0;64.0;84.0;6.0;124.0;26.0;0
63.0;88.0;39.0;113.0;62.0;84.0;0
295.48514;193.78438;237.42117;46.28078;133.75867;159.76244;0
264.0;94.0;40.0;180.0;36.0;183.0;1
193.0;188.0;169.0;154.0;158.0;214.0;221
64.0;284.0;54.0;271.0;64.0;252.0;167
259.0;220.0;263.0;194.0;58.0;272.0;5
30.0;145.0;50.0;146.0;72.0;126.0;4
2.0;303.0;25.0;366.0;64.0;45.0;0
137.0;254.0;282.0;264.0;230.0;201.0;0
163.0;157.0;264.0;200.0;262.0;237.0;0
64.0;353.0;54.0;351.0;36.0;342.0;0
55.0;41.0;22.0;32.0;64.0;68.0;0
105.0;133.0;32.0;78.0;39.0;25.0;0
190.0;151.0;159.0;154.0;275.0;180.0;0
87.0;294.0;145.0;266.0;136.0;278.0;0
49.0;237.0;46.0;289.0;38.0;287.0;0
278.0;216.0;242.0;186.0;40.0;228.0;0
282.0;90.0;26.0;152.0;106.0;242.0;1
199.0;280.0;209.0;257.0;164.0;272.0;0
133.0;164.0;142.0;190.0;128.0;154.0;0
68.0;5.0;16.0;21.0;48.0;7.0;0
4.5753837;134.79434;262.5771;134.8326;59.0;14.0;3
58.0;67.0;44.0;58.0;22.0;31.0;0
210.0;201.0;150.0;168.0;185.0;200.0;0
265.0;104.0;269.0;83.0;267.0;116.0;0
224.0;230.0;187.0;176.0;247.07857;29.542923;0
69.0;67.0;35.0;83.0;105.0;108.0;0
164.0;46.0;156.0;67.0;293.0;135.0;0
39.0;319.0;79.0;22.0;16.0;32.0;0
81.0;203.0;142.0;158.0;96.0;210.0;0
96.0;230.0;85.0;252.0;219.0;267.0;6
135.0;245.0;119.0;272.0;112.0;254.0;1
67.0;294.0;63.0;242.0;33.0;241.0;0
40.0;7.0;66.0;110.0;93.0;90.0;0
190.0;129.0;211.0;97.0;164.0;97.0;154
69.0;70.0;21.0;74.0;12.0;69.0;0
239.0;148.0;289.0;111.0;260.0;78.0;0
293.0;55.0;210.0;103.0;276.0;112.0;228
158.0;134.0;198.0;144.0;194.0;149.0;0
5.0;277.0;144.0;279.0;132.0;281.0;113
248.0;91.0;249.0;146.0;65.0;194.0;19
250.0;166.0;233.0;194.0;56.0;267.0;0
231.0;31.0;278.0;46.0;270.0;35.0;0
152.0;142.0;224.0;146.0;294.0;127.0;0
94.0;89.0;94.0;122.0;100.0;145.0;0
150.0;18.0;188.0;57.0;248.0;65.0;0
43.0;106.0;15.0;110.0;93.0;141.0;83
92.0;137.0;121.0;82.0;132.0;107.0;0
3.0;4.0;22.0;24.0;50.0;31.0;0
29.0;341.0;50.0;13.0;82.0;67.0;255
194.0;153.0;265.0;153.0;198.0;249.0;40
3.0;351.0;50.0;339.0;23.0;326.0;0
178.0;93.0;151.0;77.0;165.0;91.0;0
89.0;181.0;113.0;194.0;144.0;204.0;0
153.0;13.0;262.0;65.0;234.0;24.0;76
248.0;199.0;284.0;184.0;271.0;209.0;0
100.0;235.0;107.0;292.0;141.0;267.0;0
25.0;33.0;61.0;1.0;21.0;16.0;0
242.0;42.0;254.0;12.0;10.0;130.0;0
265.28894;106.14569;104.4285;297.00833;15.0;63.0;209
154.0;11.0;223.0;60.0;276.0;1.0;0
107.0;182.0;126.0;160.0;90.0;171.0;0
80.0;0.0;182.0;57.0;158.0;3.0;0
93.0;219.0;83.0;167.0;108.0;179.0;85
225.0;188.0;44.0;245.0;46.0;264.0;0
218.0;40.0;193.0;63.0;158.0;11.0;0
166.0;55.0;158.0;29.0;187.0;68.0;0
174.0;88.0;196.0;81.0;194.0;94.0;0
156.0;289.0;218.0;273.0;253.0;257.0;0
192.0;188.0;248.0;220.0;267.0;209.0;229
48.0;2.0;54.0;74.0;91.0;5.0;1
173.0;241.0;207.0;234.0;203.0;283.0;0
255.0;88.0;277.0;133.0;237.0;90.0;0
245.0;184.0;228.0;157.0;290.0;172.0;0
118.0;28.0;96.0;52.0;124.0;0.0;0
288.0;124.0;262.0;107.0;267.0;137.0;21
31.454784;241.27043;17.0;40.0;70.0;49.0;3
120.0;217.0;135.0;186.0;102.0;213.0;0
130.0;60.0;137.0;23.0;91.0;33.0;228
145.18077;143.58249;23.118568;30.907679;169.48935;60.902397;0
162.0;289.0;163.0;276.0;269.0;287.0;0
24.0;358.0;4.0;319.0;10.0;345.0;197
248.0;252.0;203.0;200.0;282.0;241.0;25
96.0;106.0;136.0;121.0;216.0;81.0;0
153.0;11.0;200.0;55.0;182.0;66.0;0
7.0;191.0;40.0;162.0;13.0;171.0;0
190.0;238.0;294.0;236.0;258.0;238.0;4
40.0;72.0;34.0;12.0;39.0;63.0;0
292.0;149.0;237.0;108.0;259.0;144.0;0
218.0;64.0;150.0;29.0;173.0;67.0;0
233.0;31.0;150.0;78.0;256.0;42.0;0
71.0;263.0;37.0;231.0;46.0;285.0;0
124.0;103.0;121.0;76.0;160.0;135.0;75
98.0;258.0;194.0;232.0;199.0;281.0;0
235.22752;85.01763;177.5795;35.964195;19.0;5.0;0
54.0;32.0;32.0;64.0;70.0;39.0;0
17.0;50.0;118.0;117.0;233.0;144.0;1
160.0;134.0;253.0;2.0;265.0;41.0;61
216.0;238.0;155.0;155.0;154.44986;289.6132;0
160.0;25.0;124.0;298.0;68.0;203.0;7
78.0;143.0;92.0;62.0;70.0;27.0;24
230.60063;154.79118;42.777298;109.38809;115.88572;135.67717;0
264.0;197.0;279.0;222.0;258.0;289.0;0
37.0;338.0;51.0;360.0;44.0;308.0;12
51.0;211.0;23.0;159.0;54.0;210.0;0
233.0;85.0;254.0;85.0;238.0;142.0;0
155.0;258.0;261.0;288.0;294.0;265.0;0
261.0;235.0;257.0;236.0;3.0;309.0;0
41.0;213.0;49.0;193.0;64.0;164.0;20
22.0;111.0;8.0;114.0;54.0;100.0;90
18.0;373.0;25.0;338.0;10.0;318.0;240
298.0;117.0;19.0;210.0;39.0;178.0;0
102.0;68.0;125.0;41.0;112.0;34.0;247
223.0;265.0;166.0;248.0;159.0;289.0;0
243.0;99.0;265.0;110.0;268.0;133.0;0
229.0;180.0;253.0;223.0;269.0;212.0;0
105.0;84.0;122.0;139.0;142.0;83.0;0
234.0;172.0;207.0;260.0;186.0;198.0;0
218.0;119.0;215.0;110.0;195.0;104.0;197
101.0;142.0;125.0;95.0;117.0;94.0;0
267.0;297.0;282.0;247.0;254.0;234.0;0
163.0;44.0;259.0;133.0;228.0;70.0;70
152.0;185.0;168.0;287.0;165.0;215.0;0
206.0;46.0;227.0;48.0;244.0;18.0;1
120.0;48.0;89.0;12.0;194.0;67.0;0
269.0;160.0;228.0;201.0;284.0;158.0;0
51.0;30.0;64.0;86.0;90.0;42.0;125
18.0;79.0;42.0;31.0;60.0;111.0;37
119.0;49.0;137.0;45.0;139.0;51.0;0
179.0;206.0;171.0;158.0;200.0;180.0;0
136.75993;277.1615;51.499985;60.271156;235.16194;153.63687;251
34.0;119.0;87.0;118.0;97.0;107.0;189
1.0;118.0;47.0;134.0;39.0;110.0;0
113.0;137.0;227.0;34.0;260.0;74.0;0
188.0;122.0;154.0;128.0;163.0;90.0;23
156.0;266.0;181.0;289.0;219.0;239.0;152
158.0;176.0;267.0;206.0;228.86069;131.88342;85
221.0;228.0;260.0;278.0;280.0;241.0;10
203.68457;87.371254;8.0;45.0;57.0;55.0;0
73.0;160.0;1.0;183.0;44.0;211.0;0
14.0;116.0;134.0;107.0;149.0;123.0;0
98.0;148.0;91.0;134.0;96.0;105.0;0
54.0;11.0;181.0;38.0;261.0;140.0;98
33.0;193.0;152.0;232.0;219.0;220.0;25
157.0;91.0;180.0;142.0;199.0;126.0;0
188.0;140.0;203.0;127.0;177.0;93.0;0
95.0;35.0;154.0;35.0;171.0;11.0;22
111.9887;48.54566;37.438183;187.2494;263.6381;231.02924;0
291.0;238.0;282.0;261.0;285.0;282.0;0
188.0;119.0;260.0;73.0;219.0;31.0;0
98.0;182.0;215.0;196.0;166.0;189.0;0
42.0;335.0;65.0;352.0;70.0;314.0;0
272.0;262.0;27.0;337.0;63.0;366.0;0
169.0;87.0;166.0;98.0;226.0;134.0;0
41.0;245.0;20.0;268.0;81.0;264.0;0
33.0;314.0;64.0;56.0;1.0;123.0;0
183.0;180.0;160.0;178.0;150.0;207.0;0
201.46844;233.27974;11.0;56.0;13.0;58.0;0
95.0;186.0;110.0;151.0;82.0;176.0;0
86.0;158.0;155.0;160.0;160.0;179.0;226
205.0;109.0;186.0;75.0;210.0;145.0;0
23.0;371.0;10.0;369.0;31.0;308.0;0
126.0;235.0;230.0;290.0;197.0;244.0;177
278.0;21.0;231.0;19.0;231.0;62.0;0
139.0;213.0;100.0;209.0;137.0;180.0;0
127.0;183.0;111.0;191.0;142.0;194.0;0
72.0;271.0;71.0;227.0;107.0;273.0;0
86.0;107.0;128.0;22.0;130.0;4.0;0
114.0;28.0;93.0;17.0;80.0;14.0;0
123.0;298.0;103.0;249.0;100.0;228.0;0
237.0;25.0;250.0;3.0;250.0;35.0;0
46.0;137.0;1.0;147.0;85.0;80.0;64
238.0;120.0;230.0;104.0;262.0;123.0;0
105.0;70.0;108.0;43.0;53.0;77.0;2
173.0;169.0;244.0;222.0;270.0;216.0;0
200.0;30.0;195.0;29.0;195.0;4.0;0
73.0;27.0;64.0;36.0;67.0;5.0;0
119.0;271.0;33.0;198.0;124.0;279.0;2
133.0;64.0;205.0;22.0;276.0;76.0;0
50.0;19.0;51.0;71.0;48.0;43.0;0
55.0;333.0;22.0;353.0;68.0;354.0;76
70.0;116.0;2.0;136.0;33.0;142.0;0
12.0;333.0;35.0;316.0;111.0;115.0;0
161.0;21.0;176.0;37.0;219.0;63.0;0
245.0;179.0;173.0;228.0;281.0;196.0;0
158.0;135.0;297.0;128.0;264.0;138.0;0
3.162235;50.77808;49.663353;182.87474;6.4453125;141.4298;8
125.0;192.0;75.0;180.0;76.0;158.0;0
259.22446;296.25684;107.507515;149.2533;38.0;8.0;0
128.0;119.0;32.0;140.0;118.0;80.0;0
12.0;60.0;32.0;51.0;11.0;21.0;0
51.0;275.0;86.0;156.0;15.0;228.0;87
122.0;25.0;95.0;66.0;88.0;55.0;8
291.0;299.0;258.0;240.0;247.0;243.0;0
62.0;171.0;15.0;170.0;52.0;187.0;1
61.0;366.0;47.0;342.0;47.0;340.0;71
45.0;230.0;119.0;267.0;89.0;237.0;0
188.0;165.0;204.0;207.0;166.0;215.0;0
115.0;35.0;177.0;38.0;285.0;18.0;0
243.0;113.0;271.0;90.0;265.0;108.0;0
14.0;82.0;111.0;1.0;111.0;75.0;3
211.0;270.0;231.0;275.0;176.817;59.033417;0
158.0;1.0;162.0;48.0;160.0;54.0;4
21.0;19.0;69.0;3.0;53.0;52.0;1
84.65803;166.05548;1.0;29.0;72.0;1.0;0
252.0;126.0;258.0;131.0;253.0;120.0;0
48.0;212.0;53.0;277.0;182.0;203.0;224
123.0;231.0;202.0;239.0;206.0;292.0;99
283.0;102.0;187.0;85.0;161.0;102.0;0
240.0;81.0;271.0;77.0;295.0;129.0;0
31.0;59.0;69.0;19.0;48.0;22.0;0
36.0;68.0;144.0;105.0;142.0;62.0;2
22.0;239.0;69.0;293.0;67.0;248.0;0
149.0;250.0;155.0;211.0;262.0;249.0;80
210.10497;148.99538;117.98647;201.74992;71.0;72.0;0
171.0;98.0;198.0;136.0;211.0;142.0;0
235.0;62.0;229.0;0.0;264.0;48.0;0
280.0;195.0;273.0;159.0;288.0;214.0;0
156.0;245.0;165.0;200.0;259.0;224.0;66
235.0;294.0;235.0;154.0;254.0;207.0;0
34.0;73.0;143.0;109.0;91.0;54.0;224
259.0;256.0;48.0;324.0;27.0;361.0;0
199.0;37.0;179.0;71.0;183.0;26.0;255
113.0;219.0;98.0;224.0;87.0;205.0;0
90.0;269.0;107.0;245.0;158.0;256.0;0
110.0;289.0;95.0;289.0;75.0;255.0;117
158.0;122.0;174.0;125.0;175.0;85.0;0
26.531393;199.26909;8.0;18.0;73.0;65.0;0
162.87895;264.86267;49.666126;223.94298;26.071518;124.29217;242
259.18503;66.35154;234.88759;93.46692;235.68947;264.67926;0
180.0;281.0;247.0;268.0;257.0;277.0;0
297.0;19.0;218.0;93.0;294.0;115.0;0
215.0;165.0;228.0;292.0;212.0;272.0;0
124.0;178.0;87.0;213.0;89.0;183.0;0
148.0;103.0;119.0;140.0;131.0;125.0;0
44.0;298.0;55.0;256.0;4.0;237.0;0
4.0;143.0;140.0;50.0;139.0;33.0;0
19.0;123.0;10.0;57.0;211.0;74.0;0
100.0;184.0;90.0;172.0;50.0;199.0;0
54.0;335.0;104.0;6.0;77.0;6.0;0
119.0;34.0;86.0;66.0;166.0;18.0;0
181.51491;126.579765;12.885511;131.62964;74.0;39.0;237
81.0;248.0;133.0;225.0;138.0;293.0;167
248.0;214.0;188.0;221.0;245.0;273.0;234
235.0;212.0;257.0;207.0;234.0;159.0;3
49.0;311.0;37.0;371.0;29.0;18.0;0
20.548386;266.57697;290.697;199.77081;11.6319895;279.93127;77
160.88486;247.19089;71.0;40.0;73.0;38.0;0
234.0;295.0;232.0;237.0;269.0;293.0;0
241.0;180.0;275.0;222.0;290.0;221.0;0
151.0;194.0;150.0;216.0;289.0;223.0;14
93.0;122.0;132.0;121.0;50.0;23.0;35
82.0;265.0;78.0;229.0;136.0;243.0;0
8.0;349.0;68.0;354.0;100.0;113.0;206
199.0;211.0;189.0;199.0;217.0;185.0;0
196.4093;20.217012;214.19409;76.39206;220.18422;91.8071;0
129.0;172.0;133.0;159.0;109.0;202.0;144
65.0;117.0;1.0;107.0;44.0;143.0;0
258.0;102.0;258.0;149.0;268.0;122.0;0
133.0;152.0;86.0;166.0;95.0;197.0;112
266.0;238.0;263.0;235.0;274.0;262.0;16
59.0;251.0;25.0;264.0;31.0;278.0;210
18.0;327.0;50.0;337.0;74.0;340.0;50
21.0;366.0;31.0;366.0;6.0;365.0;0
295.0;79.0;285.0;54.0;234.0;140.0;17
142.0;35.0;91.0;16.0;143.0;28.0;104
283.0;117.0;230.0;132.0;265.0;82.0;2
41.0;349.0;20.0;357.0;65.0;343.0;0
96.42182;199.97475;181.85417;178.61317;210.35443;87.036995;1
114.0;123.0;129.0;96.0;144.0;90.0;0
107.0;215.0;135.0;185.0;174.0;157.0;0
25.0;124.0;37.0;76.0;35.0;123.0;0
90.0;284.0;147.0;250.0;127.0;250.0;0
292.0;46.0;240.0;1.0;250.0;13.0;0
214.0;95.0;271.0;134.0;289.0;125.0;0
244.0;127.0;216.0;139.0;170.0;25.0;188
170.8787;123.205925;203.12996;127.4168;68.8191;69.15082;0
296.0;193.0;251.0;194.0;247.0;213.0;0
140.0;70.0;126.0;24.0;120.0;45.0;0
229.0;122.0;34.0;204.0;40.0;189.0;81
25.0;279.0;34.0;240.0;0.0;241.0;0
56.0;292.0;78.0;231.0;162.0;240.0;0
153.0;275.0;277.31274;300.8071;240.84186;129.25517;104
132.0;273.0;181.0;259.0;163.0;262.0;0
168.0;87.0;180.0;132.0;200.0;58.0;1
106.0;153.0;98.0;180.0;121.0;220.0;0
67.0;272.0;75.0;262.0;101.0;263.0;0
84.0;260.0;115.0;285.0;136.0;294.0;0
286.0;193.0;265.0;151.0;27.0;295.0;236
61.0;306.0;127.0;12.0;139.0;134.0;0
145.0;67.0;117.0;25.0;211.0;73.0;191
144.0;174.0;122.0;196.0;122.0;190.0;0
176.0;151.0;213.0;176.0;159.0;212.0;0
131.0;234.0;97.0;298.0;88.0;275.0;2
47.0;221.0;117.0;186.0;37.0;221.0;120
264.0;113.0;265.0;132.0;272.0;98.0;0
115.0;179.0;125.0;154.0;102.0;180.0;0
261.0;5.0;291.0;79.0;282.0;127.0;0
243.0;228.0;244.0;238.0;285.0;209.0;0
229.0;108.0;199.0;35.0;272.0;5.0;0
272.0;258.0;238.0;236.0;286.0;226.0;0
201.0;110.0;211.0;130.0;207.0;80.0;200
194.0;144.0;184.0;126.0;178.0;134.0;3
42.0;62.0;89.0;31.0;179.0;135.0;255
201.0;159.0;204.0;196.0;10.80941;210.44194;0
46.0;251.0;18.0;176.0;141.0;267.0;2
187.0;279.0;218.0;243.0;186.0;267.0;26
295.0;183.0;299.0;198.0;283.0;151.0;0
182.0;30.0;151.0;66.0;175.0;63.0;16
257.0;187.0;232.0;170.0;235.0;222.0;0
151.0;175.0;178.0;214.0;206.0;215.0;0
244.0;177.0;260.0;200.0;260.0;172.0;0
141.0;193.0;53.0;206.0;12.0;155.0;0
104.0;68.0;140.0;66.0;95.0;59.0;0
56.0;180.0;119.0;171.0;129.0;200.0;0
19.0;152.0;78.0;159.0;169.0;194.0;0
140.0;265.0;104.0;257.0;215.0;242.0;0
48.0;360.0;57.0;333.0;15.0;366.0;24
23.0;113.0;42.0;122.0;118.0;109.0;0
22.0;160.0;60.0;220.0;22.0;178.0;0
83.0;186.0;138.0;196.0;114.0;160.0;0
68.0;232.0;99.0;185.0;111.0;269.0;232
74.0;108.0;61.0;128.0;17.0;124.0;0
29.0;218.0;103.0;291.0;88.0;227.0;106
136.48827;92.61231;10.670954;52.499233;279.77158;128.9567;0
240.0;267.0;184.0;281.0;287.46094;48.88461;0
5.0;65.0;66.0;64.0;131.0;48.0;0
162.0;148.0;156.0;103.0;7.0;259.0;0
201.0;55.0;176.0;33.0;218.0;46.0;0
88.0;10.0;142.0;29.0;142.0;42.0;0
127.0;246.0;62.0;297.0;21.0;265.0;71
115.0;34.0;122.0;5.0;79.0;0.0;0
159.0;207.0;241.0;152.0;274.0;171.0;94
261.2464;122.20456;193.99078;277.89047;247.67981;178.19334;0
61.0;177.0;139.0;178.0;77.0;272.0;148
245.0;223.0;235.0;169.0;261.0;220.0;0
80.0;265.0;128.0;264.0;64.0;175.0;1
213.0;154.0;262.0;166.0;232.0;221.0;0
27.0;255.0;60.0;289.0;44.0;267.0;0
7.0;120.0;21.0;93.0;64.0;76.0;0
279.0;136.0;266.0;122.0;268.0;83.0;55
144.0;185.0;204.0;180.0;188.0;208.0;0
170.13411;122.63641;157.89545;224.92094;179.53325;250.77077;108
168.0;116.0;195.0;143.0;164.0;121.0;0
18.0;219.0;64.0;186.0;114.0;237.0;0
36.0;238.0;139.0;170.0;61.0;161.0;0
61.0;44.0;30.0;3.0;142.0;35.0;24
33.0;179.0;128.0;217.0;78.0;204.0;241
166.0;220.0;57.22443;165.85764;30.690372;72.44904;243
74.0;185.0;45.0;200.0;9.0;170.0;1
165.0;23.0;293.0;47.0;245.0;77.0;0
270.0;223.0;296.0;187.0;295.0;222.0;0
35.0;272.0;29.0;275.0;127.0;230.0;0
242.0;41.0;3.0;118.0;6.0;118.0;0
219.0;255.0;154.0;248.0;157.0;226.0;134
87.0;151.0;126.0;195.0;92.0;182.0;227
5.0;352.0;70.0;332.0;43.0;61.0;0
257.0;76.0;177.0;145.0;282.0;41.0;0
39.0;132.0;2.0;18.0;60.0;51.0;0
145.0;280.0;133.0;298.0;82.0;277.0;0
39.0;155.0;34.0;218.0;43.0;167.0;0
281.0;45.0;260.0;20.0;249.0;65.0;0
29.0;291.0;31.0;294.0;287.0;171.0;196
242.0;2.0;227.0;27.0;290.0;4.0;2
38.0;190.0;56.0;191.0;69.0;207.0;0
82.0;81.0;105.0;133.0;210.0;123.0;236
217.0;95.0;290.0;77.0;232.0;77.0;0
62.0;157.0;119.0;273.0;108.0;267.0;0
220.0;94.0;203.0;41.0;163.0;70.0;254
53.0;355.0;1.0;326.0;32.0;305.0;0
5.0;306.0;58.0;329.0;11.0;335.0;0
167.17657;286.28354;221.14206;275.1382;79.70175;173.4389;92
93.0;147.0;2.0;24.0;41.0;120.0;3
180.0;170.0;84.99084;92.0696;175.07149;144.88078;251
178.0;107.0;192.0;144.0;201.0;95.0;11
65.0;160.0;12.0;208.0;42.0;207.0;238
155.93803;155.39682;229.35513;55.883972;25.0;72.0;246
237.0;160.0;273.0;208.0;233.0;172.0;5
73.42327;300.41705;94.78274;19.96583;69.0;22.0;0
150.0;175.0;211.0;222.0;75.28719;54.609768;0
207.0;262.0;212.0;252.0;204.0;276.0;0
50.0;176.0;102.0;190.0;128.0;208.0;0
265.0;131.0;258.0;91.0;232.0;102.0;0
47.0;359.0;129.0;68.0;91.0;65.0;255
75.0;160.0;108.0;298.0;90.0;282.0;0
35.0;44.0;30.0;140.0;97.0;110.0;241
27.0;336.0;53.0;308.0;10.0;24.0;0
157.0;201.0;173.0;177.0;279.0;278.0;1
45.0;125.0;73.0;89.0;81.0;95.0;27
125.0;226.0;116.0;280.0;113.0;250.0;0
293.0;298.0;207.0;266.0;209.0;294.0;233
231.0;22.0;277.0;54.0;239.0;16.0;2
123.0;67.0;141.0;56.0;149.0;23.0;223
43.0;235.0;92.0;267.0;82.0;188.0;0
215.69235;95.238335;202.65675;219.36737;148.93265;160.10126;0
272.0;130.0;213.0;14.0;104.0;201.0;248
47.0;193.0;79.0;205.0;89.0;153.0;0
274.0;294.0;237.0;170.0;282.0;253.0;0
132.0;38.0;140.0;51.0;181.0;60.0;234
161.0;35.0;299.0;37.0;214.0;60.0;0
0.737679;151.97949;7.165843;101.722565;25.042551;151.814;21
155.0;56.0;233.0;12.0;273.0;57.0;0
17.0;117.0;18.0;98.0;56.0;76.0;150
205.0;164.0;169.0;184.0;174.0;178.0;0
239.0;131.0;289.0;83.0;217.0;64.0;0
122.0;116.0;85.0;89.0;98.0;115.0;0
31.0;122.0;41.0;77.0;23.0;85.0;0
149.0;213.0;104.0;215.0;115.0;182.0;220
281.0;256.0;296.0;278.0;252.0;286.0;0
127.0;199.0;109.0;158.0;88.0;201.0;2
249.0;97.0;273.0;76.0;250.0;116.0;0
122.0;39.0;32.0;46.0;26.0;80.0;0
164.52893;151.46437;89.39021;58.055347;211.61082;50.511925;255
236.0;195.0;235.0;186.0;68.0;279.0;97
213.0;200.0;190.0;177.0;214.0;154.0;0
284.0;51.0;73.0;114.0;68.0;140.0;0
203.0;194.0;150.0;218.0;150.0;155.0;1
253.0;186.0;257.0;172.0;278.0;224.0;0
244.0;42.0;247.0;33.0;279.0;23.0;199
83.0;185.0;85.0;156.0;84.0;164.0;0
283.0;18.0;252.0;13.0;27.0;95.0;0
274.0;129.0;248.0;147.0;259.0;96.0;2
163.0;99.0;174.0;81.0;151.0;101.0;0
22.0;339.0;4.0;28.0;79.0;0.0;1
38.0;138.0;4.0;76.0;56.0;90.0;2
283.0;233.0;197.0;222.0;191.0;274.0;111
175.0;251.0;284.0;237.0;273.0;298.0;0
22.0;146.0;43.0;84.0;13.0;134.0;0
193.0;179.0;166.0;151.0;224.0;213.0;0
195.0;133.0;207.0;148.0;157.0;111.0;0
294.0;117.0;109.0;254.0;68.0;274.0;0
74.0;287.0;44.0;157.0;93.0;214.0;5
55.0;372.0;0.0;325.0;5.0;330.0;0
196.0;263.0;254.9862;218.41388;199.86313;276.0964;0
183.0;87.0;201.0;115.0;175.0;116.0;12
23.0;217.0;114.0;208.0;80.0;196.0;0
131.35089;190.54683;270.59912;164.81546;165.40729;102.259674;0
160.0;135.0;294.0;137.0;298.0;134.0;116
10.0;69.0;149.0;43.0;88.0;39.0;0
172.0;169.0;235.0;267.0;276.0;301.0;0
87.0;253.0;118.0;211.0;209.0;233.0;251
196.0;257.0;184.0;269.0;203.0;192.0;0
31.0;335.0;31.0;72.0;15.0;71.0;0
273.0;42.0;195.0;8.0;228.0;81.0;0
182.0;16.0;90.0;214.0;146.0;182.0;0
28.0;281.0;46.0;199.0;132.0;254.0;0
197.0;105.0;204.0;77.0;181.0;146.0;1
166.2074;124.37173;235.46071;255.73492;58.0;57.0;246
109.0;115.0;38.0;55.0;156.0;59.0;248
287.0;57.0;239.0;67.0;230.0;46.0;1
91.56334;2.3594036;4.499817;151.83336;125.43442;30.894766;0
33.0;205.0;41.0;187.0;98.0;240.0;0
119.0;28.0;154.0;83.0;182.0;95.0;255
282.0;277.0;60.0;315.0;38.0;338.0;0
264.0;169.0;248.0;194.0;270.0;178.0;178
197.0;154.0;175.0;205.0;186.0;161.0;0
213.0;254.0;269.0;199.0;280.0;261.0;0
131.0;288.0;31.0;237.0;112.0;230.0;0
25.0;163.0;3.0;241.0;119.0;240.0;0
23.0;28.0;167.0;49.0;197.0;31.0;0
189.0;21.0;290.0;125.0;249.0;4.0;0
230.79173;198.08194;281.35126;36.06589;232.06894;147.466;0
273.0;100.0;294.0;108.0;280.0;132.0;0
75.56133;49.373375;111.26577;63.146683;31.422096;37.27307;0
90.37757;201.87431;223.41896;12.75988;159.7918;136.83504;30
281.0;130.0;153.0;12.0;288.0;51.0;0
178.0;196.0;258.0;272.0;110.81105;49.504417;0
231.0;153.0;297.0;179.0;218.0;271.0;0
37.0;213.0;30.0;180.0;51.0;169.0;0
92.0;103.0;109.0;94.0;137.0;107.0;0
71.0;1.0;74.0;49.0;176.0;66.0;0
17.0;308.0;56.0;348.0;92.0;108.0;0
131.0;253.0;38.0;175.0;120.0;233.0;109
258.0;91.0;278.0;91.0;252.0;143.0;0
170.0;268.0;219.0;277.0;212.0;171.0;0
284.0;150.0;156.0;102.0;150.0;74.0;0
103.0;165.0;94.0;163.0;88.0;160.0;5
199.0;172.0;194.0;171.0;263.0;184.0;0
91.0;212.0;100.0;207.0;180.0;233.0;0
25.0;162.0;147.0;195.0;77.0;174.0;0
147.0;219.0;110.0;152.0;97.0;208.0;214
142.0;78.0;89.0;85.0;90.0;62.0;0
238.0;266.0;281.0;256.0;270.0;192.0;6
299.0;48.0;266.0;134.0;168.0;19.0;0
40.0;56.0;65.0;74.0;161.0;19.0;0
227.0;271.0;271.0;228.0;256.0;259.0;0
97.0;162.0;146.0;179.0;211.0;198.0;0
268.0;102.0;155.0;36.0;284.0;30.0;0
54.0;151.0;30.0;230.0;91.0;264.0;0
11.0;224.0;4.0;164.0;132.0;256.0;3
229.0;202.0;273.05618;52.183685;290.28967;219.80574;0
153.0;170.0;217.0;202.0;162.0;221.0;0
104.0;244.0;87.0;251.0;218.0;294.0;0
37.0;163.0;1.0;168.0;104.0;263.0;0
232.57095;267.7398;280.90442;50.132626;291.2281;6.3298316;0
119.79561;26.534798;83.9439;109.635155;220.809;228.84952;245
244.0;285.0;230.0;246.0;230.0;280.0;0
227.0;215.0;290.0;212.0;295.0;216.0;0
108.234665;239.15463;66.25911;299.03088;117.53806;205.18472;0
95.0;114.0;134.0;133.0;131.0;142.0;252
225.0;116.0;182.0;52.0;178.0;76.0;0
232.0;176.0;292.0;202.0;284.0;186.0;0
13.0;132.0;133.0;121.0;78.0;121.0;219
187.0;98.0;202.0;144.0;254.0;126.0;83
254.0;288.0;242.0;269.0;64.0;364.0;3
102.0;34.0;115.0;85.0;249.0;41.0;195
170.0;219.0;280.0;204.0;235.0;279.0;60
160.0;217.0;211.0;194.0;197.0;155.0;1
219.0;115.0;220.0;87.0;86.0;195.0;0
184.0;198.0;196.27432;286.46365;207.82742;140.67134;0
278.0;66.0;267.0;42.0;44.0;120.0;0
94.0;190.0;109.0;202.0;98.0;223.0;0
36.0;188.0;31.0;161.0;30.0;163.0;0
200.0;139.0;184.0;41.0;151.0;61.0;0
188.0;232.0;225.0;187.0;277.0;291.0;0
155.0;14.0;154.0;40.0;203.0;18.0;3
274.0;28.0;296.0;3.0;250.0;61.0;2
63.0;122.0;15.0;103.0;85.0;34.0;0
55.0;300.0;42.0;133.0;26.0;133.0;0
286.0;256.0;222.24226;192.78012;258.62402;102.44783;0
206.0;273.0;169.0;238.0;153.0;233.0;94
130.0;44.0;83.0;17.0;83.0;63.0;0
147.0;25.0;171.0;122.0;186.0;81.0;0
139.0;159.0;142.0;185.0;108.0;190.0;0
50.0;374.0;4.0;309.0;107.0;40.0;0
152.0;189.0;197.0;154.0;156.24345;50.191647;12
17.0;188.0;88.0;168.0;62.0;296.0;0
218.0;89.0;216.0;135.0;227.0;140.0;229
270.0;20.0;257.0;56.0;228.0;35.0;0
289.0;279.0;234.0;209.0;293.54333;229.08493;0
68.0;324.0;1.0;366.0;0.0;344.0;0
103.0;89.0;98.0;123.0;117.0;110.0;0
230.0;207.0;286.0;191.0;57.0;239.0;106
273.0;2.0;53.0;113.0;69.0;147.0;0
239.0;137.0;267.0;101.0;271.0;57.0;0
240.0;149.0;287.0;148.0;273.0;89.0;0
187.0;100.0;193.0;76.0;204.0;100.0;0
139.0;41.0;145.0;10.0;98.0;72.0;0
46.0;302.0;69.0;350.0;74.0;370.0;0
223.0;125.0;236.0;81.0;291.0;111.0;0
274.0;22.0;261.0;37.0;228.0;73.0;0
86.242676;262.0921;48.661118;132.02223;0.0;55.0;0
149.0;214.0;48.0;251.0;118.0;218.0;162
247.0;109.0;248.0;113.0;252.0;120.0;0
227.0;74.0;254.0;12.0;245.0;37.0;0
192.0;95.0;210.0;144.0;217.0;105.0;0
207.0;15.0;208.0;24.0;210.0;67.0;0
164.0;125.0;112.0;151.0;93.0;216.0;0
264.0;224.0;57.0;281.0;18.0;286.0;138
229.0;210.0;248.0;198.0;61.0;232.0;0
201.0;216.0;211.0;159.0;155.0;173.0;0
108.0;291.0;237.0;219.0;236.0;216.0;4
231.0;297.0;253.0;193.0;259.0;292.0;0
24.0;263.0;87.0;241.0;68.0;183.0;0
263.0;13.0;285.0;2.0;262.0;53.0;0
146.0;45.0;96.0;34.0;87.0;20.0;0
204.0;244.0;187.47615;295.26642;143.2358;209.05885;187
183.0;11.0;218.0;64.0;198.0;35.0;0
233.0;146.0;243.0;78.0;299.0;136.0;0
201.0;238.0;180.0;253.0;164.0;254.0;0
66.0;90.0;64.0;81.0;34.0;113.0;0
151.0;78.0;151.0;120.0;164.0;143.0;0
107.0;9.0;12.0;4.0;52.0;144.0;0
85.0;187.0;193.0;156.0;219.0;176.0;0
58.0;162.0;111.0;224.0;112.0;175.0;160
137.0;186.0;133.0;186.0;93.0;164.0;0
292.0;146.0;269.0;41.0;234.0;54.0;0
13.0;78.0;201.0;18.0;201.0;12.0;2
191.0;104.0;211.0;101.0;173.0;118.0;0
229.0;178.0;180.0;264.0;227.0;151.0;78
292.0;261.0;186.0;210.0;202.0;200.0;1
127.0;22.0;75.0;38.0;187.0;60.0;0
222.0;228.0;183.0;172.0;77.1269;99.748314;0
55.0;20.0;9.0;37.0;72.0;9.0;2
248.0;295.0;236.0;254.0;264.0;255.0;0
2.4596572;302.80936;299.7465;261.33704;21.344465;244.56892;0
160.0;13.0;205.0;64.0;229.0;9.0;1
74.0;207.0;97.0;293.0;53.0;284.0;1
136.0;118.0;148.0;88.0;114.0;87.0;211
135.0;57.0;59.0;116.0;0.0;57.0;0
249.0;184.0;263.0;162.0;260.0;164.0;0
100.0;138.0;136.0;145.0;210.0;117.0;0
177.0;166.0;179.0;174.0;195.0;165.0;0
99.0;157.0;133.0;186.0;197.0;157.0;0
240.0;29.0;262.0;23.0;255.0;27.0;0
90.0;124.0;148.0;145.0;106.0;142.0;0
66.0;89.0;30.0;11.0;24.0;26.0;0
244.0;250.0;290.0;264.0;266.0;295.0;0
126.0;115.0;94.0;122.0;115.0;86.0;0
167.06654;102.727905;198.28738;215.30878;110.34835;152.72972;0
131.0;146.0;103.0;148.0;94.0;125.0;0
117.0;297.0;78.0;255.0;113.0;275.0;0
62.0;103.0;85.0;90.0;91.0;90.0;0
55.0;83.0;111.0;99.0;105.0;102.0;2
175.0;73.0;176.0;94.0;274.0;70.0;2
124.0;139.0;173.0;94.0;155.0;141.0;241
105.0;28.0;146.0;22.0;149.0;46.0;0
219.0;220.0;150.12857;71.59288;217.1193;125.83171;0
150.0;19.0;192.0;117.0;152.0;116.0;0
25.0;299.0;45.0;236.0;150.0;253.0;0
298.0;19.0;278.0;37.0;254.0;10.0;0
261.0;118.0;274.0;114.0;164.0;84.0;0
143.0;295.0;292.0;191.0;262.0;290.0;0
28.955055;24.497515;35.110046;221.54593;58.31963;175.36978;0
58.0;94.0;100.0;76.0;145.0;110.0;214
288.0;171.0;265.0;210.0;20.0;285.0;81
209.0;153.0;215.0;184.0;240.0;154.0;208
125.0;256.0;199.0;287.0;187.0;270.0;0
33.0;44.0;116.0;28.0;69.0;101.0;1
222.0;92.0;248.0;78.0;291.0;117.0;0
97.0;85.0;104.0;141.0;78.0;119.0;129
175.0;151.0;201.0;160.0;150.0;217.0;1
275.0;35.0;231.0;20.0;239.0;35.0;3
268.0;285.0;228.0;269.0;268.0;278.0;0
207.0;180.0;214.0;170.0;210.0;150.0;0
59.0;252.0;167.0;202.0;190.0;238.0;95
152.0;141.0;164.0;147.0;150.0;89.0;0
190.0;188.0;163.0;191.0;150.0;220.0;0
58.0;109.0;109.0;20.0;3.0;66.0;0
113.0;242.0;72.0;286.0;84.0;219.0;0
273.0;15.0;272.0;37.0;294.0;74.0;0
231.0;295.0;245.0;229.0;16.0;309.0;0
231.0;143.0;233.0;118.0;291.0;103.0;0
35.0;130.0;60.0;116.0;4.0;137.0;0
266.0;64.0;170.0;9.0;261.0;112.0;0
83.0;82.0;90.0;111.0;123.0;113.0;2
33.0;231.0;52.0;268.0;275.0;281.0;0
119.0;265.0;297.0;153.0;194.0;199.0;117
94.0;172.0;102.0;151.0;121.0;153.0;2
81.0;276.0;64.0;196.0;187.0;297.0;0
151.0;144.0;185.0;137.0;155.0;83.0;0
153.0;269.0;211.0;261.0;234.0;209.0;0
166.0;71.0;206.0;17.0;224.0;35.0;0
41.0;186.0;114.0;252.0;185.0;295.0;0
268.0;160.0;233.0;196.0;229.0;152.0;0
102.0;8.0;245.0;5.0;244.0;71.0;0
54.0;108.0;97.0;52.0;264.0;31.0;149
99.0;103.0;75.0;135.0;138.0;114.0;223
232.0;138.0;299.0;145.0;268.0;97.0;0
277.0;197.0;226.0;181.0;236.24997;268.66296;0
273.0;101.0;29.0;203.0;68.0;152.0;17
140.0;103.0;115.0;3.0;16.0;71.0;0
262.0;188.0;274.0;211.0;240.0;169.0;0
240.27817;281.33536;248.85736;274.8711;204.68219;279.89734;0
219.0;216.0;196.0;183.0;230.0;193.0;105
241.0;124.0;264.0;25.0;275.0;90.0;2
183.0;134.0;274.0;51.0;290.0;55.0;3
239.65015;187.90616;293.98602;261.0237;173.25963;268.35004;0
205.0;136.0;196.0;28.0;240.0;95.0;13
269.0;200.0;226.0;175.0;220.0;294.0;1
155.0;217.0;179.0;212.0;187.0;184.0;1
102.0;171.0;113.0;189.0;112.0;168.0;0
212.0;126.0;194.0;131.0;215.0;133.0;0
280.0;178.0;275.0;193.0;26.0;252.0;0
66.0;183.0;38.0;184.0;16.0;213.0;0
150.0;31.0;180.0;146.0;151.0;81.0;0
169.73784;210.32584;236.03326;267.69354;117.70939;113.823425;180
84.0;233.0;15.0;207.0;216.0;224.0;0
138.0;290.0;56.0;177.0;26.0;212.0;0
139.0;178.0;102.0;180.0;138.0;156.0;2
109.0;190.0;110.0;169.0;125.0;167.0;0
147.0;215.0;93.0;211.0;146.0;224.0;80
29.0;117.0;4.0;9.0;108.0;0.0;0
75.0;152.0;83.0;154.0;81.0;197.0;0
239.0;147.0;282.0;116.0;285.0;135.0;0
177.38478;278.11826;15.654856;184.83571;60.43253;284.4336;0
