36.0;161.0;28.0;175.0;46.0;151.0;18
159.0;41.0;197.0;15.0;31.0;56.0;69
39.0;122.0;47.0;120.0;25.0;128.0;100
52.0;183.0;17.0;104.0;192.0;100.0;74
41.0;93.0;49.0;57.0;78.0;85.0;17
200.0;200.0;200.0;200.0;200.0;200.0;50
135.0;101.0;168.0;148.0;184.0;106.0;117
193.0;198.0;185.0;181.0;37.0;236.0;170
10.0;33.0;30.0;57.0;63.0;47.0;192
188.0;104.0;182.0;137.0;162.0;116.0;53
31.0;182.0;22.0;187.0;12.0;150.0;69
99.0;185.0;70.0;179.0;86.0;191.0;251
115.0;48.0;152.0;14.0;151.0;90.0;174
5.0;209.0;40.0;235.0;35.0;248.0;202
62.0;43.0;109.0;26.0;146.0;20.0;73
11.0;60.0;81.0;65.0;30.0;92.0;181
177.0;140.0;133.0;124.0;147.0;193.0;195
163.0;69.0;182.0;69.0;167.0;85.0;17
200.0;200.0;200.0;200.0;9.0;18.0;201
164.0;77.0;192.0;64.0;172.0;98.0;239
143.0;105.0;119.0;132.0;141.0;117.0;215
11.0;167.0;32.0;159.0;31.0;163.0;93
197.0;6.0;192.0;46.0;156.0;33.0;18
135.0;161.0;120.0;184.0;179.0;152.0;59
102.0;23.0;198.0;83.0;196.0;47.0;161
9.0;231.0;0.0;21.0;99.0;13.0;37
2.0;163.0;38.0;189.0;29.0;192.0;189
57.0;173.0;72.0;170.0;45.0;183.0;243
109.0;64.0;198.0;57.0;170.0;41.0;165
134.0;71.0;35.0;111.0;56.0;154.0;153
1.0;6.0;67.0;97.0;49.0;43.0;118
128.0;127.0;111.0;112.0;102.0;137.0;233
59.0;10.0;66.0;18.0;70.0;8.0;212
171.0;166.0;7.0;200.0;38.0;212.0;175
128.0;14.0;113.0;35.0;102.0;49.0;6
191.0;168.0;178.0;168.0;197.0;156.0;96
60.0;110.0;57.0;115.0;121.0;136.0;138
132.0;162.0;131.0;179.0;100.0;184.0;176
113.0;121.0;120.0;104.0;195.0;106.0;56
72.0;57.0;90.0;91.0;56.0;77.0;139
145.0;47.0;183.0;41.0;192.0;1.0;169
30.0;59.0;18.0;92.0;21.0;78.0;224
99.0;126.0;69.0;104.0;63.0;102.0;96
158.0;112.0;198.0;130.0;167.0;147.0;69
53.0;193.0;56.0;153.0;94.0;159.0;243
118.0;186.0;184.0;141.0;106.0;157.0;241
35.0;135.0;7.0;114.0;25.0;126.0;210
200.0;200.0;200.0;200.0;200.0;200.0;42
174.0;65.0;188.0;89.0;186.0;69.0;127
101.0;196.0;138.0;160.0;193.0;197.0;110
94.0;25.0;144.0;16.0;131.0;88.0;193
164.0;170.0;190.0;192.0;157.0;183.0;223
170.0;51.0;30.0;176.0;33.0;164.0;225
5.0;3.0;50.0;84.0;191.0;1.0;160
145.0;94.0;118.0;68.0;178.0;67.0;243
108.0;170.0;136.0;195.0;137.0;172.0;100
88.0;140.0;12.0;196.0;32.0;124.0;36
26.0;40.0;45.0;35.0;6.0;45.0;239
26.0;174.0;54.0;139.0;15.0;124.0;178
164.0;71.0;152.0;84.0;182.0;85.0;250
42.0;226.0;0.0;243.0;46.0;214.0;81
101.0;71.0;131.0;87.0;152.0;96.0;4
54.0;182.0;65.0;191.0;67.0;166.0;136
21.0;201.0;16.0;205.0;43.0;208.0;88
90.0;116.0;54.0;104.0;78.0;149.0;98
38.0;19.0;3.0;74.0;175.0;24.0;73
200.0;200.0;47.0;0.0;6.0;16.0;199
51.0;175.0;96.0;164.0;97.0;171.0;41
66.0;107.0;87.0;130.0;58.0;142.0;113
1.0;242.0;0.0;89.0;97.0;21.0;145
75.0;150.0;53.0;150.0;71.0;177.0;12
198.0;98.0;158.0;96.0;194.0;52.0;9
152.0;43.0;189.0;10.0;198.0;48.0;127
46.0;150.0;33.0;173.0;40.0;186.0;149
89.0;49.0;50.0;12.0;135.0;11.0;81
21.0;113.0;41.0;111.0;5.0;148.0;93
195.0;68.0;164.0;78.0;190.0;56.0;21
21.0;69.0;36.0;53.0;46.0;99.0;210
44.0;100.0;48.0;115.0;35.0;131.0;150
24.0;49.0;3.0;2.0;1.0;16.0;129
82.0;2.0;114.0;16.0;136.0;1.0;235
103.0;64.0;156.0;74.0;167.0;90.0;179
170.0;68.0;181.0;86.0;170.0;53.0;64
181.0;134.0;181.0;116.0;181.0;140.0;251
62.0;198.0;95.0;158.0;55.0;151.0;30
82.0;185.0;149.0;171.0;100.0;169.0;231
126.0;65.0;144.0;93.0;137.0;59.0;210
152.0;54.0;159.0;81.0;198.0;63.0;37
20.0;0.0;35.0;20.0;5.0;39.0;40
195.0;125.0;134.0;117.0;166.0;159.0;250
36.0;18.0;11.0;30.0;9.0;23.0;51
3.0;142.0;96.0;140.0;57.0;149.0;218
129.0;103.0;126.0;146.0;134.0;123.0;78
8.0;12.0;36.0;11.0;48.0;27.0;171
77.0;148.0;117.0;132.0;116.0;133.0;133
106.0;108.0;199.0;196.0;200.0;200.0;185
45.0;182.0;51.0;164.0;66.0;163.0;245
195.0;168.0;175.0;152.0;151.0;172.0;10
91.0;2.0;121.0;0.0;106.0;18.0;92
172.0;161.0;33.0;226.0;15.0;247.0;32
166.0;142.0;190.0;105.0;175.0;128.0;235
121.0;18.0;122.0;8.0;109.0;11.0;0
31.0;170.0;49.0;186.0;77.0;199.0;196
111.0;145.0;155.0;133.0;171.0;101.0;12
15.0;107.0;17.0;120.0;46.0;110.0;254
81.0;83.0;90.0;90.0;79.0;95.0;158
183.0;113.0;189.0;128.0;194.0;123.0;180
67.0;178.0;80.0;157.0;79.0;183.0;121
106.0;173.0;166.0;169.0;152.0;177.0;92
57.0;41.0;19.0;12.0;63.0;54.0;97
50.0;31.0;75.0;18.0;69.0;5.0;99
138.0;138.0;156.0;140.0;114.0;124.0;245
76.0;63.0;56.0;22.0;52.0;10.0;46
197.0;28.0;11.0;53.0;37.0;72.0;161
141.0;82.0;48.0;104.0;63.0;166.0;76
21.0;43.0;15.0;77.0;15.0;26.0;124
179.0;156.0;165.0;183.0;31.0;233.0;12
198.0;21.0;194.0;84.0;137.0;78.0;212
146.0;111.0;197.0;142.0;177.0;132.0;203
52.0;90.0;58.0;73.0;143.0;60.0;56
145.0;3.0;148.0;29.0;132.0;24.0;140
5.0;28.0;29.0;14.0;38.0;30.0;50
0.0;47.0;5.0;15.0;19.0;49.0;143
57.0;150.0;78.0;161.0;81.0;171.0;249
93.0;96.0;59.0;98.0;51.0;71.0;203
54.0;123.0;71.0;143.0;57.0;129.0;228
199.0;40.0;153.0;5.0;184.0;34.0;225
91.0;157.0;18.0;181.0;165.0;121.0;9
47.0;130.0;3.0;121.0;36.0;100.0;114
16.0;32.0;38.0;44.0;15.0;4.0;133
8.0;32.0;49.0;12.0;23.0;35.0;45
101.0;150.0;114.0;165.0;137.0;181.0;104
10.0;90.0;90.0;57.0;78.0;78.0;23
197.0;3.0;178.0;29.0;199.0;48.0;220
132.0;68.0;122.0;74.0;101.0;83.0;204
192.0;194.0;163.0;165.0;172.0;160.0;188
178.0;125.0;22.0;187.0;49.0;194.0;91
113.0;41.0;143.0;52.0;128.0;20.0;222
178.0;198.0;171.0;167.0;17.0;245.0;214
172.0;145.0;151.0;147.0;15.0;163.0;108
40.0;52.0;22.0;81.0;13.0;51.0;55
143.0;190.0;136.0;198.0;104.0;183.0;24
53.0;109.0;79.0;146.0;72.0;116.0;53
3.0;239.0;14.0;249.0;47.0;232.0;83
137.0;1.0;106.0;45.0;142.0;7.0;18
193.0;48.0;192.0;77.0;170.0;56.0;122
200.0;200.0;200.0;200.0;46.0;25.0;46
65.0;189.0;145.0;176.0;108.0;192.0;175
190.0;79.0;25.0;111.0;36.0;118.0;204
109.0;21.0;126.0;18.0;143.0;21.0;227
103.0;146.0;129.0;137.0;109.0;111.0;249
106.0;149.0;108.0;125.0;117.0;117.0;169
107.0;111.0;116.0;143.0;139.0;102.0;225
122.0;140.0;145.0;138.0;149.0;133.0;24
192.0;147.0;191.0;145.0;197.0;149.0;213
109.0;180.0;105.0;173.0;145.0;192.0;40
163.0;140.0;182.0;111.0;165.0;121.0;139
188.0;136.0;165.0;147.0;12.0;187.0;180
147.0;137.0;131.0;142.0;193.0;118.0;185
186.0;2.0;149.0;75.0;123.0;85.0;168
117.0;194.0;113.0;156.0;149.0;183.0;53
65.0;11.0;96.0;1.0;87.0;38.0;203
40.0;126.0;48.0;107.0;42.0;125.0;9
195.0;98.0;34.0;149.0;31.0;104.0;254
106.0;97.0;142.0;65.0;167.0;56.0;139
196.0;55.0;172.0;75.0;188.0;60.0;154
39.0;215.0;89.0;10.0;24.0;18.0;4
15.0;127.0;60.0;134.0;98.0;141.0;236
146.0;0.0;102.0;0.0;176.0;24.0;253
150.0;100.0;183.0;110.0;6.0;178.0;9
34.0;96.0;72.0;95.0;62.0;53.0;122
200.0;200.0;200.0;200.0;200.0;200.0;41
200.0;200.0;200.0;200.0;10.0;34.0;161
7.0;96.0;29.0;67.0;39.0;56.0;221
164.0;123.0;151.0;118.0;30.0;177.0;118
52.0;98.0;50.0;78.0;70.0;72.0;185
195.0;77.0;198.0;99.0;4.0;118.0;134
144.0;77.0;149.0;74.0;138.0;81.0;34
71.0;156.0;86.0;189.0;61.0;150.0;40
111.0;24.0;121.0;22.0;153.0;26.0;199
37.0;184.0;21.0;169.0;21.0;159.0;101
20.0;208.0;66.0;28.0;99.0;92.0;239
36.0;107.0;93.0;127.0;80.0;112.0;143
51.0;36.0;58.0;29.0;99.0;3.0;116
17.0;174.0;5.0;193.0;26.0;158.0;110
3.0;3.0;47.0;46.0;49.0;3.0;220
24.0;187.0;70.0;151.0;76.0;188.0;190
147.0;85.0;167.0;27.0;16.0;164.0;196
186.0;151.0;107.0;114.0;177.0;174.0;95
200.0;200.0;200.0;200.0;200.0;200.0;214
29.0;26.0;5.0;35.0;84.0;21.0;57
197.0;119.0;187.0;141.0;175.0;125.0;171
116.0;113.0;120.0;122.0;115.0;118.0;214
199.0;195.0;144.0;103.0;118.0;159.0;19
181.0;127.0;108.0;179.0;182.0;193.0;176
98.0;129.0;76.0;123.0;27.0;183.0;70
200.0;200.0;200.0;200.0;200.0;200.0;90
137.0;151.0;101.0;178.0;199.0;166.0;126
64.0;40.0;76.0;47.0;53.0;47.0;44
165.0;81.0;197.0;52.0;152.0;86.0;142
20.0;86.0;47.0;78.0;33.0;91.0;111
39.0;28.0;35.0;40.0;6.0;46.0;205
196.0;189.0;109.0;124.0;110.0;130.0;160
6.0;0.0;44.0;16.0;34.0;33.0;111
164.0;1.0;45.0;73.0;49.0;64.0;254
132.0;191.0;120.0;174.0;131.0;179.0;243
62.0;54.0;69.0;60.0;148.0;50.0;104
24.0;137.0;28.0;122.0;35.0;118.0;123
59.0;179.0;82.0;158.0;74.0;182.0;232
119.0;59.0;146.0;81.0;103.0;77.0;75
195.0;68.0;199.0;51.0;196.0;88.0;151
162.0;38.0;169.0;19.0;175.0;24.0;68
200.0;200.0;200.0;200.0;25.0;19.0;228
17.0;120.0;9.0;130.0;16.0;104.0;51
58.0;135.0;86.0;122.0;52.0;106.0;188
48.0;39.0;11.0;40.0;43.0;42.0;148
131.0;93.0;122.0;72.0;191.0;93.0;75
68.0;0.0;109.0;51.0;105.0;71.0;205
78.0;76.0;80.0;98.0;93.0;11.0;249
145.0;63.0;167.0;92.0;124.0;88.0;162
188.0;109.0;171.0;142.0;172.0;136.0;160
197.0;149.0;162.0;114.0;180.0;102.0;72
177.0;2.0;160.0;0.0;86.0;133.0;208
101.0;146.0;126.0;116.0;118.0;148.0;3
200.0;200.0;200.0;200.0;19.0;16.0;22
138.0;6.0;103.0;51.0;100.0;85.0;221
197.0;51.0;171.0;93.0;193.0;90.0;252
177.0;182.0;175.0;155.0;45.0;211.0;114
32.0;114.0;26.0;110.0;34.0;147.0;76
52.0;99.0;61.0;52.0;68.0;79.0;134
199.0;52.0;161.0;54.0;157.0;51.0;15
136.0;146.0;121.0;101.0;138.0;142.0;157
194.0;85.0;199.0;74.0;199.0;90.0;229
47.0;69.0;22.0;85.0;10.0;82.0;29
26.0;96.0;44.0;9.0;92.0;0.0;242
192.0;6.0;185.0;4.0;40.0;53.0;188
198.0;82.0;32.0;172.0;54.0;105.0;59
38.0;101.0;32.0;148.0;1.0;129.0;57
84.0;30.0;70.0;2.0;64.0;3.0;214
197.0;102.0;185.0;140.0;199.0;138.0;171
200.0;200.0;200.0;200.0;200.0;200.0;59
200.0;200.0;200.0;200.0;200.0;200.0;19
198.0;39.0;199.0;35.0;165.0;13.0;249
163.0;2.0;193.0;29.0;195.0;25.0;246
106.0;73.0;135.0;77.0;105.0;65.0;230
198.0;129.0;156.0;143.0;200.0;200.0;194
126.0;86.0;160.0;32.0;175.0;54.0;14
12.0;66.0;16.0;60.0;96.0;80.0;54
58.0;197.0;75.0;198.0;84.0;187.0;48
200.0;200.0;200.0;200.0;200.0;200.0;138
44.0;135.0;6.0;141.0;34.0;106.0;231
139.0;72.0;113.0;67.0;30.0;165.0;5
73.0;139.0;57.0;141.0;52.0;113.0;176
11.0;113.0;97.0;132.0;70.0;124.0;4
24.0;34.0;47.0;9.0;99.0;21.0;135
196.0;17.0;175.0;31.0;192.0;37.0;145
70.0;22.0;133.0;19.0;123.0;4.0;70
175.0;19.0;183.0;13.0;158.0;6.0;197
10.0;8.0;166.0;35.0;123.0;1.0;226
157.0;133.0;175.0;139.0;194.0;100.0;117
29.0;0.0;39.0;35.0;9.0;37.0;54
9.0;93.0;16.0;87.0;18.0;51.0;66
151.0;1.0;165.0;36.0;181.0;41.0;88
66.0;163.0;97.0;156.0;53.0;161.0;80
61.0;84.0;91.0;90.0;94.0;70.0;127
167.0;13.0;154.0;92.0;167.0;68.0;107
8.0;197.0;17.0;163.0;58.0;158.0;192
42.0;246.0;40.0;206.0;40.0;47.0;242
5.0;124.0;23.0;110.0;0.0;122.0;104
195.0;84.0;184.0;94.0;10.0;134.0;24
170.0;68.0;157.0;54.0;159.0;89.0;67
115.0;187.0;116.0;174.0;114.0;196.0;108
94.0;198.0;3.0;197.0;99.0;183.0;207
166.0;153.0;41.0;218.0;31.0;203.0;203
55.0;84.0;64.0;94.0;95.0;41.0;110
7.0;89.0;50.0;88.0;54.0;96.0;95
109.0;183.0;144.0;197.0;149.0;194.0;143
108.0;108.0;105.0;125.0;107.0;112.0;189
32.0;134.0;6.0;199.0;42.0;109.0;4
74.0;106.0;108.0;131.0;140.0;119.0;27
71.0;72.0;198.0;42.0;199.0;11.0;219
184.0;22.0;194.0;32.0;191.0;10.0;56
5.0;244.0;27.0;237.0;80.0;57.0;250
137.0;71.0;114.0;95.0;142.0;90.0;191
189.0;169.0;181.0;179.0;197.0;178.0;114
31.0;59.0;98.0;62.0;67.0;56.0;179
200.0;200.0;200.0;200.0;200.0;200.0;82
10.0;40.0;165.0;58.0;131.0;69.0;166
129.0;194.0;119.0;155.0;137.0;160.0;174
104.0;151.0;197.0;125.0;200.0;200.0;250
117.0;4.0;142.0;65.0;109.0;5.0;218
38.0;18.0;2.0;9.0;27.0;46.0;186
198.0;96.0;41.0;142.0;28.0;123.0;245
187.0;141.0;182.0;148.0;186.0;111.0;81
103.0;133.0;123.0;115.0;139.0;110.0;3
56.0;73.0;58.0;73.0;127.0;87.0;175
112.0;146.0;159.0;106.0;170.0;105.0;33
197.0;98.0;164.0;62.0;162.0;44.0;81
22.0;222.0;33.0;203.0;6.0;204.0;254
58.0;18.0;88.0;8.0;79.0;11.0;85
153.0;172.0;160.0;174.0;188.0;163.0;22
187.0;180.0;131.0;165.0;200.0;200.0;193
56.0;55.0;53.0;55.0;74.0;54.0;11
11.0;174.0;26.0;171.0;53.0;194.0;221
134.0;59.0;163.0;33.0;9.0;190.0;250
90.0;199.0;95.0;172.0;142.0;193.0;66
116.0;138.0;106.0;149.0;143.0;141.0;187
186.0;182.0;160.0;194.0;192.0;184.0;14
66.0;193.0;96.0;156.0;81.0;195.0;209
6.0;202.0;80.0;33.0;1.0;8.0;188
71.0;188.0;82.0;165.0;119.0;186.0;11
75.0;180.0;105.0;110.0;185.0;183.0;8
9.0;0.0;54.0;23.0;77.0;8.0;132
2.0;91.0;32.0;70.0;4.0;87.0;79
85.0;101.0;96.0;138.0;131.0;101.0;65
83.0;108.0;50.0;102.0;91.0;129.0;59
3.0;44.0;41.0;4.0;30.0;2.0;182
21.0;72.0;81.0;65.0;49.0;68.0;219
97.0;42.0;83.0;17.0;58.0;46.0;158
155.0;114.0;161.0;120.0;171.0;100.0;29
1.0;11.0;14.0;48.0;54.0;74.0;35
41.0;172.0;20.0;199.0;0.0;177.0;222
55.0;14.0;130.0;40.0;121.0;34.0;162
92.0;32.0;70.0;38.0;120.0;25.0;239
24.0;208.0;16.0;47.0;30.0;79.0;153
133.0;10.0;100.0;36.0;109.0;21.0;186
182.0;165.0;160.0;175.0;171.0;179.0;240
34.0;225.0;43.0;243.0;21.0;73.0;182
106.0;18.0;159.0;32.0;8.0;115.0;73
167.0;126.0;190.0;103.0;165.0;125.0;55
170.0;95.0;149.0;77.0;129.0;87.0;49
170.0;76.0;172.0;90.0;192.0;76.0;220
169.0;193.0;112.0;189.0;180.0;148.0;249
132.0;197.0;136.0;189.0;163.0;129.0;52
14.0;86.0;25.0;79.0;35.0;94.0;190
42.0;206.0;60.0;92.0;0.0;53.0;254
129.0;30.0;122.0;8.0;108.0;48.0;39
133.0;10.0;172.0;31.0;184.0;87.0;57
150.0;114.0;8.0;159.0;26.0;164.0;93
11.0;234.0;47.0;214.0;19.0;219.0;227
197.0;92.0;193.0;12.0;127.0;73.0;213
56.0;123.0;73.0;125.0;74.0;141.0;245
200.0;200.0;200.0;200.0;200.0;200.0;160
200.0;200.0;200.0;200.0;200.0;200.0;154
42.0;130.0;5.0;121.0;41.0;114.0;217
92.0;172.0;87.0;177.0;91.0;155.0;117
72.0;190.0;77.0;191.0;62.0;156.0;154
32.0;212.0;28.0;219.0;11.0;233.0;81
165.0;95.0;197.0;97.0;21.0;119.0;173
84.0;31.0;55.0;0.0;98.0;5.0;211
84.0;155.0;99.0;160.0;122.0;153.0;130
83.0;108.0;96.0;118.0;105.0;131.0;254
141.0;69.0;142.0;62.0;119.0;88.0;173
147.0;166.0;131.0;162.0;115.0;176.0;69
47.0;71.0;74.0;85.0;88.0;75.0;222
17.0;170.0;190.0;109.0;128.0;171.0;73
137.0;69.0;105.0;70.0;135.0;63.0;91
83.0;136.0;53.0;111.0;90.0;132.0;227
200.0;200.0;9.0;14.0;15.0;26.0;57
39.0;167.0;33.0;158.0;19.0;174.0;199
78.0;141.0;55.0;142.0;89.0;103.0;92
159.0;33.0;151.0;26.0;171.0;6.0;32
8.0;77.0;15.0;90.0;39.0;94.0;18
83.0;18.0;96.0;2.0;80.0;31.0;107
176.0;87.0;152.0;51.0;160.0;71.0;67
180.0;96.0;126.0;82.0;177.0;30.0;200
3.0;154.0;93.0;199.0;55.0;169.0;217
15.0;64.0;27.0;92.0;46.0;75.0;174
106.0;136.0;120.0;149.0;130.0;138.0;118
148.0;108.0;199.0;100.0;195.0;193.0;218
106.0;175.0;131.0;150.0;141.0;171.0;36
30.0;228.0;82.0;24.0;5.0;93.0;75
170.0;149.0;194.0;105.0;155.0;100.0;251
195.0;132.0;43.0;155.0;20.0;180.0;44
130.0;73.0;151.0;59.0;158.0;92.0;102
183.0;25.0;199.0;17.0;169.0;16.0;52
60.0;70.0;78.0;58.0;90.0;80.0;226
170.0;29.0;109.0;5.0;177.0;0.0;235
97.0;151.0;96.0;156.0;84.0;154.0;78
47.0;178.0;29.0;168.0;22.0;155.0;117
14.0;227.0;41.0;203.0;5.0;246.0;65
119.0;111.0;153.0;103.0;193.0;135.0;30
36.0;45.0;22.0;36.0;7.0;1.0;237
18.0;58.0;97.0;58.0;76.0;99.0;113
110.0;22.0;100.0;34.0;135.0;45.0;188
42.0;185.0;29.0;172.0;17.0;150.0;238
79.0;0.0;59.0;17.0;117.0;49.0;60
177.0;174.0;174.0;197.0;1.0;224.0;243
200.0;200.0;200.0;200.0;200.0;200.0;122
67.0;165.0;101.0;199.0;114.0;153.0;54
168.0;59.0;151.0;62.0;37.0;149.0;34
171.0;156.0;168.0;137.0;200.0;200.0;219
154.0;154.0;151.0;172.0;196.0;158.0;129
144.0;181.0;119.0;188.0;105.0;154.0;43
185.0;179.0;198.0;106.0;150.0;149.0;209
155.0;114.0;178.0;124.0;200.0;200.0;235
84.0;139.0;64.0;148.0;126.0;106.0;199
76.0;72.0;57.0;97.0;54.0;77.0;65
39.0;238.0;9.0;234.0;32.0;202.0;207
130.0;182.0;131.0;166.0;107.0;192.0;204
4.0;158.0;34.0;157.0;24.0;187.0;214
21.0;240.0;4.0;20.0;53.0;64.0;252
109.0;160.0;119.0;156.0;111.0;176.0;145
5.0;62.0;28.0;67.0;0.0;81.0;230
132.0;189.0;114.0;150.0;199.0;171.0;153
64.0;5.0;56.0;46.0;76.0;25.0;25
119.0;122.0;117.0;135.0;153.0;105.0;46
30.0;171.0;42.0;187.0;28.0;157.0;187
129.0;26.0;198.0;28.0;193.0;52.0;253
190.0;121.0;170.0;115.0;178.0;135.0;252
143.0;54.0;121.0;97.0;116.0;83.0;152
104.0;20.0;100.0;5.0;109.0;47.0;16
168.0;95.0;158.0;86.0;159.0;87.0;227
187.0;25.0;183.0;30.0;162.0;3.0;89
49.0;46.0;62.0;7.0;73.0;13.0;126
198.0;91.0;185.0;93.0;184.0;64.0;145
24.0;215.0;6.0;0.0;99.0;2.0;170
137.0;174.0;130.0;199.0;123.0;188.0;233
192.0;72.0;162.0;63.0;181.0;57.0;44
144.0;24.0;5.0;117.0;5.0;140.0;79
189.0;16.0;175.0;40.0;29.0;58.0;144
0.0;224.0;37.0;91.0;1.0;57.0;214
88.0;162.0;52.0;161.0;89.0;172.0;45
128.0;176.0;115.0;160.0;146.0;169.0;97
149.0;173.0;128.0;174.0;139.0;185.0;139
25.0;38.0;70.0;26.0;37.0;51.0;102
200.0;200.0;40.0;20.0;37.0;20.0;212
200.0;200.0;200.0;200.0;200.0;200.0;138
107.0;165.0;200.0;200.0;200.0;200.0;26
122.0;178.0;117.0;198.0;200.0;200.0;243
63.0;4.0;55.0;22.0;73.0;2.0;163
128.0;150.0;170.0;174.0;195.0;162.0;140
38.0;244.0;37.0;229.0;87.0;52.0;177
85.0;126.0;54.0;113.0;83.0;141.0;135
169.0;123.0;191.0;106.0;180.0;131.0;46
144.0;32.0;195.0;7.0;151.0;40.0;31
83.0;167.0;2.0;116.0;1.0;179.0;244
136.0;139.0;107.0;109.0;131.0;141.0;177
188.0;47.0;18.0;64.0;5.0;72.0;15
30.0;13.0;3.0;56.0;84.0;39.0;236
147.0;131.0;191.0;190.0;147.0;113.0;69
152.0;32.0;188.0;37.0;26.0;96.0;179
71.0;13.0;144.0;59.0;152.0;18.0;30
61.0;29.0;83.0;41.0;48.0;79.0;224
126.0;57.0;166.0;79.0;182.0;55.0;212
147.0;165.0;127.0;173.0;131.0;166.0;109
188.0;109.0;169.0;192.0;105.0;176.0;245
59.0;24.0;58.0;9.0;45.0;23.0;186
3.0;66.0;20.0;72.0;3.0;51.0;184
60.0;127.0;71.0;115.0;111.0;147.0;236
10.0;19.0;11.0;64.0;0.0;1.0;171
176.0;62.0;159.0;91.0;160.0;94.0;202
22.0;242.0;1.0;212.0;4.0;221.0;56
78.0;0.0;81.0;23.0;96.0;2.0;232
20.0;1.0;14.0;95.0;130.0;63.0;231
108.0;142.0;124.0;105.0;134.0;126.0;109
94.0;53.0;124.0;57.0;119.0;55.0;121
33.0;189.0;17.0;152.0;18.0;198.0;71
51.0;165.0;55.0;169.0;50.0;157.0;19
34.0;236.0;41.0;239.0;6.0;241.0;96
24.0;62.0;46.0;82.0;83.0;75.0;125
63.0;139.0;83.0;127.0;76.0;114.0;190
75.0;74.0;29.0;51.0;54.0;94.0;25
132.0;26.0;138.0;0.0;152.0;20.0;104
5.0;37.0;50.0;17.0;48.0;91.0;252
109.0;94.0;140.0;76.0;178.0;74.0;49
118.0;70.0;114.0;63.0;181.0;21.0;237
164.0;162.0;164.0;175.0;187.0;153.0;148
33.0;52.0;42.0;89.0;98.0;65.0;227
151.0;133.0;153.0;132.0;154.0;144.0;185
91.0;3.0;10.0;18.0;13.0;79.0;251
200.0;200.0;200.0;200.0;200.0;200.0;21
179.0;96.0;45.0;100.0;24.0;127.0;200
80.0;59.0;133.0;65.0;104.0;55.0;219
131.0;146.0;116.0;103.0;120.0;110.0;233
37.0;146.0;4.0;107.0;40.0;116.0;157
26.0;133.0;30.0;116.0;76.0;103.0;211
18.0;1.0;77.0;0.0;69.0;21.0;237
104.0;173.0;115.0;192.0;108.0;188.0;132
103.0;18.0;141.0;0.0;179.0;2.0;202
200.0;200.0;200.0;200.0;10.0;9.0;72
131.0;63.0;145.0;58.0;141.0;54.0;140
11.0;194.0;44.0;174.0;32.0;154.0;170
49.0;116.0;140.0;191.0;145.0;157.0;68
185.0;150.0;168.0;197.0;173.0;162.0;104
141.0;167.0;100.0;180.0;110.0;176.0;50
66.0;88.0;132.0;61.0;115.0;79.0;90
187.0;169.0;44.0;226.0;46.0;200.0;225
121.0;17.0;122.0;3.0;159.0;7.0;239
33.0;124.0;35.0;139.0;4.0;103.0;187
23.0;203.0;14.0;227.0;1.0;247.0;181
2.0;113.0;3.0;134.0;20.0;129.0;170
172.0;138.0;31.0;188.0;46.0;160.0;12
131.0;148.0;175.0;136.0;164.0;113.0;98
196.0;105.0;199.0;106.0;191.0;148.0;221
144.0;142.0;130.0;143.0;111.0;121.0;6
130.0;195.0;118.0;186.0;113.0;156.0;52
199.0;120.0;138.0;118.0;200.0;200.0;179
133.0;92.0;169.0;63.0;153.0;91.0;77
184.0;151.0;155.0;193.0;195.0;180.0;196
55.0;63.0;88.0;84.0;95.0;56.0;100
177.0;158.0;177.0;121.0;196.0;127.0;233
116.0;62.0;101.0;59.0;124.0;63.0;249
141.0;16.0;137.0;12.0;107.0;29.0;105
160.0;3.0;196.0;22.0;13.0;54.0;246
112.0;28.0;141.0;15.0;123.0;49.0;77
199.0;27.0;162.0;6.0;198.0;4.0;176
37.0;18.0;44.0;12.0;25.0;39.0;223
85.0;188.0;91.0;152.0;88.0;168.0;3
101.0;113.0;129.0;149.0;147.0;135.0;166
98.0;131.0;67.0;137.0;66.0;100.0;140
33.0;218.0;9.0;220.0;12.0;206.0;147
166.0;140.0;152.0;110.0;177.0;104.0;243
56.0;60.0;86.0;73.0;76.0;63.0;190
190.0;84.0;199.0;81.0;0.0;119.0;101
17.0;205.0;2.0;240.0;6.0;208.0;175
10.0;84.0;33.0;94.0;26.0;52.0;31
76.0;135.0;71.0;117.0;98.0;139.0;157
1.0;8.0;6.0;24.0;48.0;9.0;223
68.0;107.0;127.0;128.0;144.0;107.0;199
119.0;109.0;120.0;128.0;180.0;137.0;186
173.0;30.0;186.0;11.0;159.0;8.0;230
42.0;89.0;46.0;90.0;29.0;86.0;148
27.0;229.0;16.0;242.0;26.0;85.0;160
33.0;95.0;10.0;56.0;2.0;85.0;78
197.0;187.0;169.0;194.0;151.0;162.0;223
1.0;24.0;4.0;73.0;138.0;39.0;236
165.0;7.0;84.0;123.0;57.0;107.0;37
170.0;40.0;160.0;30.0;181.0;21.0;154
15.0;128.0;7.0;127.0;71.0;145.0;67
95.0;165.0;51.0;168.0;136.0;169.0;53
197.0;78.0;123.0;7.0;199.0;95.0;119
81.0;185.0;44.0;188.0;18.0;110.0;228
55.0;129.0;133.0;120.0;112.0;117.0;181
138.0;25.0;144.0;13.0;142.0;41.0;223
196.0;1.0;197.0;27.0;1.0;98.0;228
176.0;6.0;193.0;17.0;171.0;5.0;40
103.0;44.0;141.0;45.0;110.0;19.0;209
60.0;193.0;56.0;155.0;40.0;109.0;0
46.0;118.0;8.0;123.0;47.0;102.0;201
99.0;148.0;93.0;146.0;59.0;116.0;184
200.0;200.0;200.0;200.0;200.0;200.0;85
152.0;14.0;30.0;50.0;38.0;68.0;242
104.0;0.0;140.0;38.0;146.0;32.0;216
1.0;112.0;95.0;150.0;76.0;148.0;110
180.0;108.0;102.0;180.0;200.0;200.0;217
88.0;10.0;118.0;12.0;120.0;35.0;111
105.0;95.0;101.0;90.0;198.0;81.0;137
29.0;102.0;11.0;111.0;20.0;128.0;135
18.0;229.0;68.0;29.0;90.0;83.0;237
190.0;136.0;154.0;103.0;168.0;125.0;224
176.0;182.0;173.0;165.0;174.0;194.0;191
68.0;182.0;136.0;198.0;117.0;152.0;37
191.0;87.0;105.0;41.0;179.0;14.0;237
19.0;109.0;60.0;184.0;61.0;175.0;218
114.0;157.0;104.0;162.0;147.0;176.0;136
49.0;143.0;14.0;112.0;29.0;132.0;249
143.0;198.0;117.0;176.0;123.0;176.0;201
138.0;190.0;143.0;154.0;189.0;184.0;191
93.0;12.0;63.0;19.0;83.0;0.0;222
121.0;25.0;144.0;3.0;176.0;38.0;247
200.0;200.0;200.0;200.0;200.0;200.0;208
52.0;76.0;13.0;16.0;8.0;67.0;251
30.0;60.0;25.0;77.0;67.0;93.0;184
90.0;174.0;70.0;179.0;96.0;151.0;38
198.0;104.0;184.0;100.0;191.0;145.0;191
64.0;68.0;129.0;53.0;134.0;57.0;26
136.0;122.0;158.0;147.0;131.0;137.0;164
126.0;153.0;114.0;193.0;128.0;196.0;254
64.0;112.0;84.0;144.0;65.0;104.0;108
183.0;65.0;180.0;96.0;185.0;65.0;165
193.0;98.0;199.0;80.0;170.0;83.0;232
74.0;189.0;94.0;178.0;76.0;167.0;13
37.0;161.0;8.0;167.0;4.0;174.0;204
200.0;200.0;200.0;200.0;200.0;200.0;146
15.0;160.0;20.0;181.0;26.0;180.0;54
177.0;4.0;171.0;22.0;196.0;20.0;84
85.0;113.0;76.0;140.0;90.0;126.0;241
155.0;95.0;195.0;99.0;175.0;66.0;193
159.0;53.0;158.0;91.0;160.0;84.0;61
164.0;64.0;29.0;122.0;13.0;127.0;42
158.0;86.0;177.0;53.0;170.0;97.0;44
54.0;0.0;89.0;84.0;36.0;63.0;248
0.0;22.0;3.0;43.0;23.0;31.0;247
117.0;2.0;119.0;32.0;136.0;40.0;250
19.0;187.0;22.0;130.0;67.0;182.0;239
54.0;19.0;87.0;32.0;68.0;43.0;188
166.0;125.0;191.0;149.0;184.0;108.0;16
96.0;165.0;130.0;168.0;147.0;151.0;31
37.0;221.0;16.0;242.0;46.0;203.0;89
30.0;81.0;74.0;90.0;56.0;95.0;3
48.0;212.0;66.0;87.0;46.0;70.0;32
155.0;118.0;200.0;200.0;200.0;200.0;31
44.0;244.0;53.0;98.0;52.0;64.0;145
174.0;144.0;183.0;114.0;200.0;200.0;253
29.0;153.0;61.0;198.0;4.0;192.0;245
188.0;70.0;157.0;61.0;154.0;92.0;188
153.0;96.0;163.0;75.0;195.0;94.0;235
199.0;72.0;183.0;90.0;153.0;55.0;215
182.0;185.0;185.0;154.0;49.0;211.0;253
15.0;15.0;3.0;1.0;26.0;19.0;211
80.0;29.0;98.0;21.0;92.0;47.0;194
182.0;159.0;150.0;192.0;175.0;178.0;119
82.0;39.0;76.0;18.0;55.0;3.0;176
200.0;200.0;200.0;200.0;33.0;45.0;23
20.0;186.0;80.0;162.0;16.0;139.0;223
54.0;131.0;96.0;138.0;69.0;132.0;244
47.0;217.0;11.0;211.0;90.0;52.0;213
101.0;54.0;149.0;27.0;136.0;66.0;247
15.0;212.0;14.0;66.0;58.0;31.0;251
29.0;133.0;36.0;140.0;13.0;132.0;196
48.0;130.0;15.0;177.0;54.0;186.0;254
52.0;71.0;95.0;64.0;52.0;80.0;140
194.0;73.0;196.0;6.0;177.0;0.0;241
160.0;45.0;155.0;13.0;174.0;49.0;226
54.0;119.0;60.0;140.0;128.0;111.0;213
60.0;121.0;61.0;103.0;67.0;113.0;77
173.0;158.0;172.0;183.0;190.0;194.0;169
43.0;104.0;63.0;146.0;85.0;136.0;22
136.0;69.0;129.0;60.0;148.0;67.0;101
200.0;200.0;200.0;200.0;200.0;200.0;198
47.0;185.0;12.0;177.0;14.0;185.0;229
95.0;49.0;98.0;13.0;91.0;15.0;151
169.0;74.0;169.0;76.0;112.0;48.0;23
15.0;26.0;15.0;46.0;4.0;28.0;179
167.0;126.0;154.0;115.0;153.0;146.0;251
115.0;134.0;185.0;193.0;194.0;126.0;250
84.0;132.0;97.0;123.0;64.0;132.0;176
200.0;200.0;200.0;200.0;200.0;200.0;118
33.0;113.0;86.0;142.0;88.0;147.0;139
200.0;200.0;200.0;200.0;200.0;200.0;125
76.0;172.0;57.0;161.0;74.0;156.0;43
110.0;41.0;107.0;45.0;116.0;3.0;92
100.0;199.0;176.0;186.0;179.0;197.0;246
98.0;123.0;73.0;109.0;95.0;112.0;167
1.0;196.0;69.0;193.0;26.0;155.0;250
199.0;1.0;150.0;40.0;197.0;23.0;204
135.0;116.0;140.0;131.0;104.0;145.0;200
38.0;1.0;43.0;33.0;34.0;45.0;238
141.0;72.0;108.0;98.0;138.0;59.0;152
85.0;51.0;17.0;5.0;144.0;77.0;243
108.0;62.0;156.0;52.0;179.0;70.0;97
48.0;217.0;31.0;235.0;43.0;225.0;153
137.0;88.0;124.0;94.0;119.0;91.0;178
198.0;175.0;119.0;162.0;196.0;104.0;238
145.0;104.0;147.0;120.0;116.0;135.0;57
164.0;46.0;185.0;4.0;184.0;11.0;65
4.0;8.0;49.0;25.0;99.0;7.0;246
93.0;46.0;101.0;24.0;117.0;10.0;11
48.0;2.0;8.0;33.0;3.0;4.0;250
72.0;107.0;83.0;128.0;88.0;168.0;11
167.0;90.0;165.0;70.0;179.0;55.0;50
87.0;110.0;85.0;101.0;76.0;130.0;95
32.0;158.0;19.0;151.0;7.0;155.0;240
52.0;126.0;96.0;119.0;102.0;118.0;224
170.0;132.0;169.0;120.0;172.0;111.0;153
94.0;48.0;88.0;37.0;53.0;31.0;192
86.0;60.0;67.0;64.0;59.0;72.0;167
141.0;96.0;140.0;83.0;120.0;51.0;105
182.0;151.0;186.0;195.0;195.0;183.0;202
129.0;49.0;121.0;24.0;141.0;2.0;243
40.0;240.0;40.0;218.0;82.0;40.0;199
198.0;124.0;161.0;111.0;169.0;125.0;241
164.0;65.0;128.0;56.0;193.0;30.0;163
15.0;107.0;7.0;118.0;26.0;116.0;238
177.0;172.0;186.0;177.0;29.0;243.0;253
130.0;68.0;154.0;56.0;162.0;54.0;77
190.0;121.0;189.0;100.0;198.0;114.0;250
103.0;192.0;133.0;180.0;107.0;157.0;23
1.0;109.0;64.0;146.0;91.0;192.0;246
118.0;9.0;183.0;0.0;175.0;40.0;241
57.0;156.0;125.0;162.0;127.0;197.0;8
76.0;142.0;128.0;115.0;130.0;126.0;1
110.0;41.0;124.0;18.0;100.0;22.0;228
200.0;200.0;200.0;200.0;200.0;200.0;116
44.0;164.0;49.0;150.0;61.0;170.0;242
52.0;12.0;65.0;36.0;51.0;4.0;212
197.0;63.0;188.0;58.0;170.0;94.0;236
95.0;145.0;62.0;106.0;58.0;123.0;37
8.0;63.0;33.0;57.0;38.0;53.0;184
127.0;74.0;115.0;56.0;115.0;56.0;159
40.0;216.0;35.0;211.0;11.0;241.0;209
135.0;105.0;149.0;106.0;135.0;138.0;46
159.0;90.0;164.0;97.0;175.0;97.0;234
95.0;178.0;69.0;195.0;75.0;188.0;236
192.0;18.0;193.0;1.0;44.0;70.0;229
75.0;187.0;11.0;113.0;50.0;129.0;250
200.0;200.0;200.0;200.0;200.0;200.0;252
73.0;42.0;62.0;29.0;67.0;9.0;130
40.0;78.0;95.0;13.0;180.0;69.0;18
20.0;19.0;0.0;8.0;0.0;29.0;205
52.0;36.0;77.0;34.0;55.0;6.0;238
161.0;5.0;164.0;64.0;31.0;142.0;233
35.0;75.0;51.0;76.0;59.0;51.0;237
191.0;104.0;120.0;198.0;132.0;148.0;251
93.0;78.0;95.0;50.0;147.0;88.0;220
62.0;4.0;142.0;79.0;127.0;43.0;46
182.0;33.0;179.0;36.0;189.0;26.0;246
6.0;207.0;15.0;215.0;14.0;247.0;84
98.0;163.0;127.0;189.0;128.0;152.0;17
138.0;147.0;164.0;112.0;200.0;200.0;253
158.0;150.0;171.0;183.0;129.0;119.0;155
52.0;144.0;110.0;128.0;119.0;120.0;211
130.0;189.0;125.0;189.0;127.0;175.0;254
52.0;1.0;55.0;36.0;82.0;1.0;241
109.0;32.0;109.0;13.0;100.0;40.0;36
152.0;191.0;151.0;193.0;177.0;174.0;106
66.0;97.0;92.0;62.0;80.0;79.0;156
104.0;166.0;128.0;163.0;132.0;152.0;40
115.0;96.0;120.0;90.0;138.0;64.0;79
148.0;69.0;117.0;96.0;149.0;66.0;25
9.0;216.0;41.0;236.0;1.0;31.0;224
67.0;25.0;98.0;84.0;83.0;17.0;82
50.0;58.0;97.0;62.0;117.0;91.0;152
131.0;53.0;181.0;54.0;197.0;88.0;227
83.0;64.0;109.0;99.0;139.0;83.0;177
34.0;199.0;27.0;157.0;3.0;167.0;246
94.0;169.0;70.0;171.0;87.0;193.0;8
76.0;59.0;48.0;66.0;59.0;40.0;219
165.0;70.0;156.0;7.0;152.0;94.0;236
112.0;99.0;111.0;58.0;136.0;99.0;214
112.0;10.0;133.0;39.0;112.0;36.0;36
12.0;173.0;13.0;164.0;33.0;157.0;249
28.0;195.0;91.0;198.0;59.0;172.0;246
171.0;40.0;186.0;8.0;169.0;9.0;244
124.0;97.0;109.0;96.0;136.0;94.0;141
18.0;230.0;33.0;241.0;28.0;226.0;8
80.0;110.0;50.0;103.0;70.0;116.0;57
110.0;11.0;138.0;84.0;120.0;10.0;100
149.0;112.0;102.0;131.0;113.0;138.0;243
135.0;76.0;137.0;98.0;159.0;77.0;69
100.0;106.0;196.0;168.0;162.0;178.0;241
66.0;75.0;47.0;94.0;80.0;15.0;41
17.0;97.0;48.0;62.0;3.0;72.0;253
16.0;223.0;0.0;246.0;0.0;46.0;241
93.0;103.0;129.0;102.0;132.0;135.0;59
96.0;72.0;98.0;87.0;72.0;71.0;233
164.0;79.0;185.0;66.0;166.0;58.0;252
56.0;69.0;131.0;55.0;133.0;65.0;78
104.0;85.0;133.0;75.0;173.0;64.0;169
164.0;96.0;122.0;76.0;108.0;27.0;73
86.0;24.0;68.0;40.0;77.0;8.0;37
181.0;51.0;160.0;96.0;176.0;63.0;242
116.0;6.0;87.0;150.0;32.0;121.0;109
107.0;25.0;125.0;48.0;125.0;0.0;0
200.0;200.0;200.0;200.0;200.0;200.0;224
46.0;81.0;88.0;61.0;93.0;82.0;103
72.0;134.0;137.0;110.0;136.0;148.0;146
19.0;82.0;94.0;69.0;94.0;65.0;166
115.0;47.0;125.0;0.0;131.0;47.0;20
103.0;6.0;122.0;20.0;140.0;2.0;247
82.0;192.0;92.0;151.0;71.0;166.0;61
85.0;42.0;90.0;19.0;91.0;15.0;17
158.0;93.0;38.0;118.0;86.0;116.0;147
76.0;137.0;121.0;142.0;142.0;100.0;189
62.0;115.0;66.0;123.0;149.0;114.0;217
20.0;105.0;0.0;146.0;3.0;100.0;237
165.0;28.0;179.0;25.0;179.0;19.0;190
147.0;141.0;135.0;104.0;127.0;126.0;85
93.0;166.0;150.0;108.0;153.0;131.0;62
86.0;198.0;66.0;170.0;75.0;163.0;114
158.0;14.0;165.0;36.0;168.0;23.0;138
167.0;150.0;200.0;200.0;200.0;200.0;224
178.0;111.0;196.0;111.0;190.0;104.0;154
135.0;93.0;125.0;61.0;107.0;53.0;152
182.0;181.0;168.0;185.0;180.0;168.0;9
106.0;156.0;112.0;158.0;139.0;188.0;2
198.0;80.0;167.0;66.0;159.0;91.0;243
