55.0;173.0;68.0;171.0;106.0;170.0;183
13.0;80.0;25.0;62.0;35.0;78.0;252
21.0;66.0;42.0;51.0;44.0;52.0;89
103.0;155.0;176.0;111.0;109.0;185.0;31
79.0;63.0;63.0;64.0;100.0;50.0;2
151.0;12.0;178.0;48.0;177.0;30.0;195
151.0;182.0;114.0;185.0;134.0;188.0;48
115.0;135.0;119.0;132.0;111.0;102.0;240
167.0;35.0;39.0;56.0;38.0;64.0;234
153.0;150.0;167.0;161.0;156.0;179.0;230
124.0;184.0;108.0;114.0;165.0;163.0;18
75.0;78.0;81.0;73.0;68.0;54.0;36
175.0;14.0;174.0;28.0;160.0;4.0;214
78.0;68.0;8.0;48.0;155.0;5.0;187
183.0;200.0;183.0;200.0;32.0;12.0;47
0.0;202.0;8.0;234.0;4.0;219.0;167
3.0;114.0;0.0;130.0;39.0;118.0;224
90.0;7.0;108.0;35.0;177.0;21.0;104
153.0;180.0;179.0;150.0;144.0;185.0;210
124.0;166.0;94.0;195.0;125.0;162.0;204
144.0;98.0;143.0;81.0;149.0;74.0;139
138.0;157.0;154.0;179.0;153.0;191.0;92
39.0;124.0;32.0;143.0;23.0;136.0;51
25.0;36.0;6.0;51.0;16.0;13.0;98
128.0;141.0;158.0;137.0;172.0;139.0;143
160.0;16.0;161.0;23.0;143.0;33.0;66
55.0;192.0;106.0;179.0;93.0;181.0;219
127.0;194.0;183.0;200.0;183.0;200.0;34
143.0;189.0;148.0;151.0;37.0;216.0;102
28.0;60.0;84.0;95.0;51.0;81.0;254
157.0;95.0;175.0;61.0;13.0;145.0;84
34.0;126.0;23.0;138.0;31.0;111.0;66
183.0;200.0;183.0;200.0;183.0;200.0;151
137.0;6.0;166.0;22.0;163.0;38.0;215
25.0;186.0;36.0;159.0;15.0;182.0;65
132.0;45.0;126.0;7.0;146.0;7.0;87
13.0;54.0;5.0;73.0;0.0;64.0;8
1.0;16.0;61.0;30.0;69.0;18.0;250
147.0;16.0;2.0;138.0;55.0;182.0;161
84.0;96.0;80.0;80.0;53.0;50.0;89
134.0;20.0;118.0;12.0;122.0;29.0;105
38.0;68.0;13.0;69.0;3.0;77.0;139
183.0;200.0;183.0;200.0;183.0;200.0;179
101.0;114.0;110.0;107.0;98.0;108.0;96
66.0;170.0;124.0;159.0;151.0;179.0;143
183.0;200.0;183.0;200.0;183.0;200.0;94
66.0;153.0;5.0;158.0;6.0;198.0;117
14.0;11.0;34.0;20.0;42.0;1.0;141
134.0;152.0;131.0;194.0;142.0;179.0;88
175.0;73.0;168.0;57.0;160.0;97.0;227
39.0;186.0;53.0;171.0;54.0;156.0;122
98.0;160.0;126.0;198.0;106.0;183.0;161
99.0;10.0;133.0;6.0;137.0;19.0;159
129.0;65.0;119.0;92.0;94.0;85.0;225
92.0;97.0;153.0;73.0;152.0;77.0;191
27.0;26.0;5.0;2.0;24.0;32.0;151
183.0;200.0;183.0;200.0;20.0;9.0;103
30.0;19.0;12.0;14.0;55.0;39.0;153
146.0;157.0;162.0;157.0;173.0;181.0;235
171.0;93.0;19.0;166.0;86.0;183.0;51
9.0;188.0;20.0;171.0;27.0;197.0;202
47.0;150.0;65.0;181.0;59.0;158.0;63
48.0;14.0;29.0;20.0;18.0;62.0;190
56.0;68.0;69.0;58.0;60.0;75.0;183
104.0;103.0;145.0;146.0;147.0;110.0;231
137.0;21.0;173.0;49.0;161.0;35.0;236
98.0;157.0;112.0;193.0;125.0;183.0;16
183.0;200.0;183.0;200.0;183.0;200.0;217
53.0;6.0;47.0;20.0;57.0;42.0;154
183.0;200.0;183.0;200.0;183.0;200.0;110
124.0;115.0;168.0;125.0;159.0;115.0;125
34.0;5.0;30.0;79.0;14.0;97.0;47
154.0;155.0;170.0;198.0;171.0;152.0;200
95.0;118.0;130.0;112.0;128.0;122.0;103
77.0;147.0;96.0;100.0;129.0;127.0;14
171.0;117.0;144.0;133.0;163.0;101.0;124
75.0;184.0;74.0;183.0;70.0;186.0;171
115.0;88.0;127.0;63.0;51.0;149.0;14
94.0;23.0;124.0;1.0;118.0;41.0;65
156.0;25.0;135.0;12.0;155.0;20.0;114
26.0;139.0;11.0;163.0;72.0;120.0;78
150.0;84.0;166.0;85.0;152.0;76.0;33
62.0;199.0;47.0;168.0;48.0;160.0;209
88.0;75.0;70.0;66.0;59.0;55.0;226
152.0;126.0;168.0;128.0;153.0;147.0;69
114.0;151.0;174.0;148.0;111.0;156.0;236
158.0;110.0;149.0;124.0;168.0;114.0;164
139.0;152.0;175.0;150.0;12.0;235.0;230
37.0;49.0;65.0;34.0;64.0;38.0;127
101.0;124.0;125.0;100.0;150.0;148.0;253
148.0;59.0;132.0;90.0;177.0;73.0;131
62.0;161.0;67.0;178.0;117.0;160.0;161
88.0;138.0;56.0;130.0;75.0;130.0;135
52.0;123.0;51.0;183.0;70.0;162.0;207
34.0;179.0;16.0;187.0;11.0;196.0;175
102.0;71.0;121.0;82.0;159.0;91.0;213
56.0;112.0;59.0;128.0;57.0;117.0;159
51.0;86.0;65.0;69.0;112.0;96.0;214
80.0;135.0;81.0;126.0;78.0;106.0;28
160.0;61.0;168.0;72.0;15.0;111.0;151
41.0;17.0;41.0;0.0;26.0;45.0;249
49.0;154.0;174.0;153.0;109.0;185.0;17
40.0;58.0;48.0;25.0;90.0;90.0;60
64.0;106.0;81.0;125.0;63.0;110.0;51
30.0;71.0;154.0;58.0;150.0;65.0;206
175.0;147.0;136.0;134.0;18.0;186.0;117
159.0;134.0;136.0;110.0;143.0;109.0;246
160.0;150.0;137.0;161.0;163.0;189.0;76
161.0;112.0;160.0;113.0;142.0;122.0;106
0.0;58.0;73.0;76.0;46.0;98.0;10
136.0;131.0;139.0;111.0;166.0;103.0;57
137.0;138.0;118.0;156.0;181.0;187.0;3
176.0;121.0;13.0;157.0;36.0;150.0;160
33.0;149.0;41.0;107.0;36.0;145.0;170
183.0;200.0;183.0;200.0;183.0;200.0;171
102.0;19.0;116.0;5.0;104.0;23.0;101
36.0;88.0;1.0;96.0;1.0;62.0;241
183.0;200.0;183.0;200.0;183.0;200.0;17
177.0;171.0;163.0;100.0;183.0;200.0;155
18.0;167.0;14.0;181.0;29.0;168.0;229
150.0;186.0;121.0;109.0;120.0;119.0;10
180.0;59.0;120.0;27.0;132.0;1.0;174
183.0;200.0;183.0;200.0;183.0;200.0;251
115.0;187.0;97.0;152.0;115.0;185.0;208
112.0;130.0;105.0;127.0;142.0;148.0;6
65.0;91.0;24.0;36.0;7.0;92.0;40
152.0;22.0;174.0;46.0;13.0;76.0;193
99.0;116.0;129.0;141.0;113.0;100.0;246
83.0;1.0;72.0;46.0;78.0;38.0;33
143.0;127.0;144.0;130.0;165.0;148.0;24
130.0;48.0;129.0;39.0;122.0;13.0;186
158.0;151.0;146.0;148.0;143.0;103.0;211
56.0;150.0;62.0;166.0;74.0;187.0;240
2.0;59.0;18.0;52.0;83.0;51.0;111
20.0;91.0;19.0;93.0;22.0;51.0;133
82.0;87.0;77.0;63.0;64.0;67.0;252
117.0;36.0;163.0;9.0;173.0;9.0;80
130.0;172.0;165.0;190.0;158.0;172.0;237
8.0;97.0;12.0;68.0;2.0;83.0;200
27.0;99.0;9.0;69.0;92.0;32.0;243
137.0;67.0;161.0;66.0;153.0;61.0;63
3.0;120.0;1.0;129.0;11.0;112.0;64
141.0;71.0;39.0;146.0;10.0;114.0;142
124.0;88.0;119.0;59.0;96.0;91.0;253
164.0;98.0;166.0;51.0;169.0;65.0;92
117.0;183.0;165.0;194.0;158.0;154.0;24
53.0;177.0;68.0;184.0;57.0;188.0;147
153.0;125.0;183.0;200.0;183.0;200.0;79
102.0;33.0;134.0;15.0;174.0;64.0;175
93.0;131.0;103.0;144.0;93.0;124.0;228
42.0;88.0;25.0;99.0;27.0;62.0;101
165.0;92.0;146.0;64.0;148.0;89.0;237
22.0;108.0;10.0;142.0;40.0;107.0;167
128.0;21.0;132.0;19.0;143.0;34.0;25
35.0;117.0;50.0;165.0;70.0;137.0;15
124.0;193.0;122.0;193.0;95.0;161.0;61
99.0;9.0;96.0;0.0;125.0;43.0;99
177.0;26.0;35.0;50.0;36.0;76.0;248
57.0;6.0;63.0;26.0;55.0;24.0;11
124.0;163.0;161.0;171.0;143.0;174.0;111
67.0;5.0;62.0;28.0;110.0;21.0;14
18.0;59.0;25.0;66.0;40.0;57.0;152
121.0;10.0;124.0;13.0;125.0;32.0;211
26.0;158.0;175.0;168.0;139.0;149.0;197
179.0;4.0;175.0;0.0;157.0;3.0;216
5.0;54.0;19.0;71.0;33.0;88.0;240
72.0;69.0;62.0;72.0;87.0;65.0;28
25.0;78.0;6.0;83.0;12.0;64.0;244
98.0;182.0;95.0;196.0;101.0;157.0;74
130.0;85.0;148.0;89.0;138.0;76.0;122
38.0;9.0;4.0;38.0;9.0;1.0;251
3.0;157.0;47.0;157.0;46.0;160.0;89
59.0;95.0;56.0;54.0;82.0;59.0;252
179.0;125.0;173.0;127.0;152.0;128.0;93
132.0;179.0;93.0;155.0;91.0;185.0;252
121.0;138.0;165.0;114.0;143.0;146.0;218
164.0;64.0;147.0;89.0;146.0;95.0;32
109.0;190.0;133.0;198.0;97.0;184.0;206
133.0;87.0;117.0;76.0;125.0;67.0;79
53.0;187.0;84.0;163.0;60.0;187.0;94
110.0;119.0;98.0;103.0;102.0;104.0;128
6.0;127.0;2.0;134.0;18.0;115.0;73
32.0;142.0;40.0;104.0;14.0;120.0;103
163.0;158.0;165.0;159.0;9.0;235.0;54
141.0;35.0;144.0;26.0;138.0;4.0;254
155.0;57.0;176.0;64.0;158.0;94.0;154
35.0;91.0;17.0;61.0;66.0;66.0;186
174.0;90.0;145.0;59.0;141.0;98.0;6
175.0;126.0;101.0;127.0;171.0;180.0;4
161.0;60.0;165.0;76.0;7.0;144.0;82
120.0;97.0;114.0;90.0;126.0;85.0;4
183.0;200.0;2.0;2.0;3.0;31.0;17
94.0;193.0;171.0;102.0;154.0;133.0;26
150.0;154.0;179.0;155.0;137.0;177.0;213
94.0;71.0;114.0;54.0;157.0;89.0;153
27.0;60.0;37.0;59.0;32.0;90.0;168
52.0;21.0;111.0;49.0;114.0;7.0;5
64.0;35.0;62.0;12.0;9.0;3.0;224
9.0;184.0;33.0;164.0;78.0;172.0;47
137.0;174.0;21.0;208.0;7.0;241.0;250
135.0;151.0;160.0;180.0;154.0;190.0;49
148.0;136.0;183.0;200.0;183.0;200.0;29
139.0;117.0;143.0;146.0;176.0;144.0;175
53.0;148.0;86.0;127.0;87.0;110.0;51
94.0;136.0;153.0;112.0;148.0;110.0;248
160.0;28.0;137.0;37.0;151.0;17.0;4
144.0;139.0;13.0;156.0;19.0;194.0;118
30.0;82.0;133.0;33.0;157.0;21.0;41
136.0;41.0;20.0;108.0;37.0;198.0;5
69.0;17.0;88.0;20.0;77.0;24.0;7
51.0;159.0;81.0;192.0;122.0;175.0;84
64.0;191.0;53.0;167.0;84.0;195.0;81
135.0;2.0;173.0;0.0;170.0;24.0;46
115.0;8.0;129.0;18.0;101.0;35.0;189
25.0;174.0;42.0;184.0;22.0;188.0;96
22.0;215.0;4.0;221.0;39.0;235.0;81
143.0;31.0;165.0;61.0;96.0;84.0;43
71.0;107.0;35.0;158.0;44.0;145.0;169
27.0;127.0;0.0;134.0;24.0;115.0;96
16.0;12.0;23.0;12.0;36.0;36.0;135
91.0;118.0;161.0;125.0;169.0;103.0;181
76.0;105.0;74.0;107.0;59.0;135.0;102
70.0;199.0;48.0;178.0;89.0;194.0;4
156.0;101.0;147.0;144.0;179.0;147.0;168
27.0;152.0;48.0;174.0;89.0;179.0;48
174.0;88.0;167.0;31.0;138.0;17.0;113
56.0;107.0;45.0;118.0;74.0;148.0;12
155.0;140.0;151.0;125.0;157.0;138.0;27
127.0;118.0;93.0;104.0;111.0;100.0;185
153.0;66.0;9.0;148.0;21.0;109.0;88
12.0;102.0;34.0;139.0;20.0;147.0;34
20.0;155.0;27.0;166.0;76.0;198.0;80
124.0;151.0;106.0;198.0;116.0;198.0;118
115.0;45.0;108.0;46.0;113.0;30.0;123
143.0;2.0;43.0;89.0;23.0;80.0;7
33.0;197.0;42.0;186.0;14.0;166.0;7
95.0;22.0;138.0;95.0;153.0;72.0;217
119.0;16.0;172.0;19.0;139.0;90.0;105
60.0;152.0;51.0;156.0;72.0;197.0;19
57.0;6.0;48.0;41.0;63.0;16.0;253
11.0;159.0;5.0;196.0;29.0;183.0;225
179.0;52.0;117.0;50.0;112.0;11.0;235
150.0;162.0;25.0;236.0;35.0;202.0;213
9.0;54.0;88.0;50.0;76.0;62.0;247
79.0;107.0;52.0;117.0;64.0;103.0;67
140.0;32.0;174.0;4.0;38.0;55.0;55
121.0;170.0;144.0;157.0;135.0;183.0;94
168.0;184.0;1.0;219.0;41.0;222.0;41
168.0;112.0;141.0;115.0;143.0;102.0;81
81.0;56.0;83.0;66.0;43.0;28.0;11
143.0;144.0;159.0;126.0;155.0;111.0;84
164.0;53.0;154.0;56.0;28.0;143.0;99
141.0;138.0;179.0;143.0;137.0;134.0;10
4.0;28.0;83.0;25.0;56.0;15.0;29
42.0;30.0;56.0;0.0;86.0;26.0;92
166.0;118.0;164.0;107.0;147.0;128.0;99
13.0;133.0;38.0;119.0;11.0;103.0;72
48.0;116.0;119.0;112.0;123.0;139.0;133
117.0;58.0;175.0;95.0;177.0;52.0;130
91.0;182.0;150.0;161.0;147.0;195.0;233
83.0;176.0;74.0;121.0;74.0;181.0;116
96.0;19.0;163.0;28.0;171.0;32.0;200
31.0;16.0;28.0;38.0;1.0;49.0;193
82.0;154.0;36.0;101.0;119.0;121.0;250
183.0;200.0;183.0;200.0;183.0;200.0;186
60.0;18.0;56.0;23.0;133.0;26.0;97
157.0;76.0;164.0;50.0;171.0;59.0;22
160.0;188.0;166.0;192.0;146.0;150.0;83
109.0;24.0;90.0;34.0;129.0;46.0;241
39.0;150.0;58.0;180.0;56.0;162.0;30
46.0;102.0;63.0;137.0;86.0;112.0;224
129.0;109.0;107.0;131.0;99.0;120.0;54
56.0;5.0;62.0;10.0;81.0;24.0;101
121.0;158.0;94.0;174.0;115.0;157.0;118
97.0;139.0;108.0;120.0;111.0;109.0;180
148.0;68.0;169.0;81.0;140.0;58.0;128
28.0;26.0;43.0;34.0;40.0;6.0;137
85.0;198.0;63.0;168.0;50.0;188.0;181
183.0;200.0;183.0;200.0;15.0;14.0;127
151.0;104.0;163.0;134.0;160.0;143.0;26
142.0;98.0;18.0;107.0;22.0;130.0;145
9.0;28.0;34.0;15.0;12.0;2.0;13
13.0;61.0;33.0;65.0;33.0;90.0;94
107.0;180.0;131.0;162.0;132.0;185.0;238
183.0;200.0;183.0;200.0;183.0;200.0;30
77.0;118.0;58.0;124.0;110.0;147.0;184
28.0;155.0;73.0;193.0;69.0;183.0;161
131.0;121.0;115.0;147.0;147.0;146.0;142
183.0;200.0;19.0;22.0;42.0;36.0;30
183.0;200.0;183.0;200.0;183.0;200.0;222
127.0;191.0;147.0;161.0;129.0;169.0;242
166.0;195.0;156.0;155.0;165.0;194.0;98
100.0;165.0;93.0;154.0;104.0;182.0;152
166.0;54.0;164.0;94.0;120.0;5.0;137
93.0;27.0;97.0;34.0;97.0;35.0;56
172.0;0.0;14.0;95.0;9.0;54.0;204
82.0;164.0;79.0;197.0;47.0;158.0;209
122.0;39.0;102.0;84.0;32.0;154.0;75
12.0;69.0;9.0;91.0;0.0;74.0;123
115.0;17.0;105.0;30.0;153.0;19.0;150
2.0;114.0;21.0;137.0;11.0;141.0;185
7.0;157.0;8.0;197.0;83.0;190.0;20
62.0;183.0;65.0;153.0;75.0;185.0;174
156.0;159.0;125.0;186.0;154.0;131.0;72
130.0;1.0;157.0;17.0;150.0;26.0;125
38.0;139.0;5.0;130.0;67.0;130.0;122
163.0;97.0;158.0;98.0;136.0;73.0;66
27.0;143.0;0.0;143.0;40.0;122.0;191
39.0;21.0;11.0;19.0;28.0;41.0;192
121.0;197.0;114.0;184.0;98.0;188.0;241
75.0;186.0;25.0;113.0;112.0;191.0;14
17.0;86.0;36.0;72.0;5.0;85.0;107
145.0;131.0;91.0;126.0;148.0;104.0;116
146.0;81.0;165.0;50.0;138.0;98.0;54
138.0;137.0;132.0;160.0;167.0;166.0;71
150.0;84.0;179.0;94.0;7.0;138.0;200
183.0;200.0;183.0;200.0;183.0;200.0;11
176.0;84.0;141.0;79.0;176.0;89.0;19
54.0;37.0;105.0;22.0;90.0;41.0;103
66.0;130.0;73.0;158.0;5.0;110.0;164
23.0;110.0;80.0;129.0;83.0;132.0;223
175.0;83.0;156.0;77.0;148.0;65.0;187
172.0;121.0;33.0;194.0;30.0;183.0;169
68.0;168.0;75.0;175.0;82.0;165.0;200
55.0;13.0;45.0;41.0;51.0;21.0;55
75.0;52.0;52.0;86.0;79.0;89.0;251
95.0;20.0;122.0;18.0;90.0;38.0;174
84.0;197.0;58.0;171.0;80.0;157.0;33
53.0;160.0;62.0;155.0;71.0;154.0;105
37.0;96.0;17.0;57.0;32.0;67.0;171
168.0;73.0;140.0;60.0;156.0;97.0;81
90.0;114.0;143.0;101.0;153.0;139.0;110
7.0;65.0;28.0;85.0;21.0;73.0;74
67.0;69.0;83.0;77.0;79.0;77.0;226
40.0;154.0;43.0;116.0;71.0;151.0;6
100.0;53.0;168.0;48.0;94.0;86.0;148
140.0;13.0;168.0;21.0;31.0;60.0;171
171.0;121.0;137.0;126.0;179.0;120.0;142
18.0;21.0;74.0;13.0;80.0;44.0;129
151.0;109.0;178.0;141.0;161.0;113.0;75
65.0;195.0;89.0;199.0;91.0;181.0;19
110.0;147.0;142.0;126.0;162.0;101.0;33
50.0;72.0;119.0;78.0;126.0;63.0;110
135.0;155.0;132.0;171.0;180.0;174.0;19
164.0;142.0;27.0;153.0;26.0;153.0;237
63.0;83.0;9.0;89.0;84.0;45.0;152
61.0;173.0;131.0;118.0;168.0;105.0;1
6.0;64.0;171.0;37.0;171.0;71.0;242
118.0;11.0;143.0;3.0;172.0;20.0;119
71.0;134.0;120.0;103.0;117.0;112.0;2
183.0;200.0;183.0;200.0;183.0;200.0;142
68.0;31.0;127.0;13.0;110.0;15.0;33
55.0;191.0;90.0;150.0;104.0;166.0;165
145.0;21.0;157.0;12.0;174.0;33.0;81
2.0;76.0;23.0;56.0;76.0;76.0;92
144.0;154.0;28.0;225.0;37.0;236.0;176
174.0;79.0;139.0;55.0;179.0;72.0;66
152.0;17.0;140.0;32.0;170.0;27.0;102
142.0;45.0;21.0;61.0;8.0;61.0;19
9.0;59.0;7.0;99.0;46.0;84.0;109
120.0;62.0;151.0;81.0;152.0;12.0;214
21.0;124.0;17.0;113.0;2.0;140.0;182
161.0;127.0;158.0;108.0;150.0;140.0;16
108.0;56.0;131.0;78.0;123.0;66.0;247
107.0;149.0;116.0;122.0;124.0;128.0;50
138.0;95.0;151.0;69.0;171.0;68.0;190
26.0;137.0;12.0;149.0;83.0;135.0;145
120.0;112.0;183.0;200.0;183.0;200.0;77
30.0;12.0;55.0;16.0;81.0;5.0;242
0.0;132.0;109.0;106.0;170.0;177.0;40
7.0;179.0;14.0;166.0;23.0;179.0;112
98.0;79.0;110.0;94.0;133.0;95.0;19
83.0;51.0;124.0;79.0;121.0;92.0;216
136.0;73.0;170.0;89.0;141.0;76.0;146
80.0;95.0;69.0;92.0;99.0;58.0;87
120.0;105.0;128.0;140.0;104.0;132.0;103
31.0;176.0;48.0;152.0;78.0;175.0;79
173.0;0.0;147.0;4.0;136.0;34.0;130
164.0;139.0;27.0;177.0;34.0;167.0;22
183.0;200.0;183.0;200.0;183.0;200.0;76
5.0;105.0;42.0;121.0;83.0;147.0;170
152.0;97.0;119.0;88.0;142.0;2.0;44
177.0;95.0;153.0;76.0;173.0;85.0;72
82.0;102.0;76.0;126.0;51.0;119.0;52
66.0;164.0;54.0;188.0;105.0;150.0;96
86.0;132.0;52.0;114.0;69.0;119.0;146
8.0;98.0;42.0;50.0;16.0;50.0;62
50.0;164.0;69.0;160.0;49.0;157.0;146
78.0;127.0;53.0;126.0;77.0;144.0;28
29.0;78.0;11.0;81.0;86.0;98.0;213
6.0;9.0;18.0;27.0;26.0;22.0;210
147.0;108.0;153.0;137.0;178.0;102.0;76
74.0;197.0;47.0;174.0;52.0;184.0;171
56.0;108.0;62.0;148.0;45.0;112.0;45
183.0;200.0;34.0;3.0;23.0;1.0;197
70.0;29.0;84.0;29.0;64.0;46.0;113
135.0;169.0;149.0;181.0;178.0;159.0;22
123.0;31.0;110.0;14.0;114.0;33.0;148
17.0;116.0;10.0;190.0;5.0;164.0;198
175.0;6.0;37.0;112.0;68.0;144.0;88
31.0;73.0;25.0;59.0;88.0;59.0;161
106.0;61.0;166.0;91.0;145.0;63.0;29
83.0;98.0;53.0;89.0;64.0;98.0;60
1.0;167.0;3.0;156.0;70.0;159.0;73
148.0;151.0;170.0;151.0;166.0;177.0;97
141.0;12.0;137.0;33.0;42.0;53.0;235
103.0;148.0;121.0;113.0;132.0;133.0;113
138.0;189.0;146.0;169.0;141.0;160.0;27
171.0;129.0;104.0;135.0;170.0;153.0;105
149.0;144.0;156.0;140.0;38.0;151.0;49
16.0;97.0;38.0;86.0;39.0;63.0;32
9.0;95.0;37.0;76.0;14.0;54.0;152
183.0;200.0;183.0;200.0;13.0;3.0;137
121.0;129.0;128.0;134.0;125.0;118.0;68
141.0;51.0;172.0;93.0;147.0;54.0;207
175.0;38.0;164.0;41.0;141.0;36.0;130
3.0;126.0;91.0;179.0;112.0;131.0;118
183.0;200.0;23.0;44.0;7.0;45.0;139
125.0;157.0;91.0;164.0;133.0;157.0;9
102.0;163.0;133.0;172.0;109.0;181.0;46
101.0;44.0;101.0;68.0;118.0;63.0;71
132.0;186.0;118.0;195.0;100.0;194.0;144
83.0;122.0;51.0;123.0;45.0;140.0;190
119.0;6.0;116.0;15.0;179.0;33.0;76
61.0;108.0;156.0;128.0;171.0;122.0;157
166.0;42.0;134.0;2.0;91.0;49.0;219
131.0;121.0;104.0;191.0;120.0;133.0;143
13.0;133.0;75.0;142.0;57.0;141.0;96
115.0;154.0;183.0;200.0;183.0;200.0;95
6.0;92.0;39.0;59.0;39.0;89.0;221
69.0;109.0;64.0;115.0;85.0;114.0;29
183.0;200.0;183.0;200.0;183.0;200.0;225
77.0;129.0;37.0;127.0;54.0;108.0;148
41.0;40.0;52.0;24.0;65.0;1.0;248
3.0;31.0;6.0;13.0;17.0;49.0;35
183.0;200.0;183.0;200.0;183.0;200.0;68
89.0;169.0;48.0;164.0;46.0;166.0;4
48.0;94.0;53.0;97.0;52.0;76.0;193
25.0;61.0;31.0;68.0;5.0;93.0;198
99.0;192.0;124.0;179.0;165.0;194.0;124
10.0;93.0;10.0;74.0;58.0;93.0;109
82.0;132.0;113.0;129.0;116.0;147.0;138
61.0;14.0;161.0;92.0;133.0;12.0;74
97.0;144.0;133.0;111.0;96.0;109.0;79
103.0;9.0;131.0;7.0;133.0;23.0;245
105.0;9.0;130.0;3.0;123.0;5.0;166
52.0;124.0;88.0;120.0;64.0;115.0;10
6.0;32.0;53.0;19.0;72.0;16.0;15
117.0;164.0;130.0;182.0;95.0;150.0;204
143.0;178.0;175.0;183.0;162.0;181.0;152
120.0;20.0;111.0;25.0;131.0;36.0;209
176.0;35.0;137.0;24.0;144.0;31.0;82
63.0;20.0;47.0;5.0;68.0;10.0;10
183.0;200.0;183.0;200.0;183.0;200.0;168
109.0;162.0;112.0;195.0;117.0;157.0;241
22.0;158.0;11.0;196.0;10.0;191.0;161
7.0;24.0;4.0;43.0;59.0;15.0;89
38.0;93.0;172.0;52.0;143.0;57.0;135
165.0;98.0;160.0;86.0;158.0;81.0;153
33.0;136.0;10.0;121.0;14.0;148.0;191
87.0;193.0;25.0;190.0;20.0;108.0;21
35.0;180.0;12.0;169.0;87.0;168.0;67
128.0;171.0;166.0;164.0;169.0;153.0;101
21.0;51.0;76.0;28.0;82.0;89.0;73
53.0;127.0;104.0;147.0;91.0;105.0;177
173.0;42.0;167.0;40.0;167.0;0.0;115
83.0;161.0;71.0;150.0;65.0;182.0;101
2.0;108.0;89.0;121.0;71.0;171.0;59
183.0;200.0;21.0;4.0;7.0;30.0;98
131.0;80.0;169.0;53.0;137.0;91.0;107
138.0;10.0;29.0;85.0;30.0;84.0;220
143.0;180.0;162.0;152.0;156.0;179.0;148
125.0;160.0;111.0;195.0;109.0;154.0;56
91.0;90.0;129.0;79.0;127.0;73.0;96
23.0;99.0;57.0;80.0;57.0;51.0;124
90.0;184.0;171.0;157.0;156.0;170.0;193
43.0;194.0;30.0;172.0;22.0;180.0;81
22.0;162.0;16.0;189.0;23.0;175.0;90
64.0;194.0;51.0;185.0;81.0;195.0;162
72.0;131.0;25.0;164.0;70.0;129.0;224
33.0;124.0;102.0;135.0;147.0;150.0;235
113.0;150.0;155.0;189.0;173.0;157.0;8
152.0;129.0;151.0;130.0;162.0;104.0;218
54.0;135.0;49.0;124.0;69.0;141.0;241
176.0;164.0;150.0;170.0;170.0;172.0;38
50.0;131.0;70.0;111.0;46.0;105.0;228
63.0;162.0;78.0;167.0;73.0;196.0;23
144.0;198.0;16.0;248.0;2.0;232.0;159
17.0;58.0;91.0;90.0;122.0;5.0;62
179.0;110.0;162.0;134.0;0.0;177.0;75
119.0;191.0;122.0;156.0;115.0;174.0;150
71.0;112.0;76.0;146.0;54.0;145.0;191
123.0;126.0;109.0;102.0;129.0;122.0;46
134.0;117.0;134.0;149.0;104.0;159.0;209
137.0;183.0;139.0;166.0;153.0;177.0;230
19.0;60.0;9.0;82.0;23.0;77.0;21
17.0;137.0;2.0;126.0;32.0;128.0;130
69.0;97.0;78.0;84.0;55.0;77.0;82
21.0;206.0;31.0;246.0;15.0;213.0;253
66.0;52.0;116.0;96.0;99.0;60.0;0
102.0;98.0;127.0;55.0;102.0;82.0;38
32.0;99.0;66.0;81.0;74.0;85.0;184
55.0;97.0;61.0;54.0;45.0;59.0;135
152.0;134.0;164.0;128.0;148.0;124.0;177
24.0;178.0;38.0;175.0;41.0;178.0;130
148.0;148.0;177.0;147.0;165.0;109.0;30
55.0;172.0;85.0;155.0;64.0;174.0;185
3.0;105.0;44.0;111.0;58.0;142.0;92
139.0;66.0;177.0;65.0;161.0;73.0;117
37.0;74.0;28.0;59.0;3.0;89.0;35
98.0;51.0;91.0;73.0;123.0;52.0;165
34.0;176.0;17.0;198.0;27.0;166.0;109
42.0;70.0;51.0;74.0;70.0;94.0;124
169.0;10.0;152.0;14.0;41.0;93.0;201
157.0;198.0;145.0;152.0;167.0;185.0;121
4.0;74.0;5.0;70.0;59.0;53.0;141
67.0;179.0;126.0;193.0;96.0;165.0;49
157.0;124.0;134.0;184.0;151.0;113.0;66
49.0;138.0;34.0;117.0;14.0;163.0;113
159.0;96.0;175.0;61.0;164.0;69.0;172
111.0;194.0;119.0;166.0;117.0;167.0;196
36.0;153.0;15.0;199.0;29.0;160.0;5
35.0;51.0;57.0;99.0;112.0;74.0;61
148.0;183.0;172.0;150.0;142.0;166.0;147
30.0;99.0;32.0;60.0;9.0;64.0;44
138.0;169.0;174.0;153.0;166.0;179.0;63
129.0;14.0;115.0;83.0;137.0;31.0;90
4.0;36.0;42.0;32.0;23.0;16.0;232
15.0;59.0;5.0;34.0;89.0;62.0;224
132.0;77.0;136.0;5.0;144.0;82.0;80
2.0;143.0;7.0;131.0;5.0;128.0;25
116.0;76.0;104.0;88.0;107.0;75.0;227
103.0;23.0;105.0;31.0;94.0;48.0;77
72.0;111.0;88.0;106.0;66.0;131.0;104
110.0;94.0;159.0;37.0;123.0;26.0;147
13.0;174.0;169.0;174.0;103.0;131.0;38
1.0;120.0;66.0;107.0;60.0;105.0;171
20.0;97.0;144.0;23.0;93.0;17.0;101
136.0;3.0;163.0;24.0;135.0;1.0;231
183.0;200.0;183.0;200.0;183.0;200.0;239
27.0;160.0;50.0;162.0;80.0;171.0;197
99.0;187.0;113.0;199.0;116.0;155.0;91
71.0;138.0;73.0;122.0;61.0;120.0;107
9.0;191.0;14.0;151.0;17.0;159.0;107
44.0;55.0;44.0;75.0;1.0;77.0;73
151.0;151.0;183.0;200.0;183.0;200.0;195
106.0;106.0;120.0;147.0;131.0;142.0;252
102.0;8.0;94.0;3.0;112.0;21.0;98
129.0;96.0;131.0;99.0;115.0;50.0;74
43.0;110.0;61.0;106.0;45.0;147.0;236
37.0;81.0;89.0;99.0;88.0;87.0;238
89.0;121.0;85.0;144.0;76.0;133.0;108
1.0;122.0;10.0;121.0;42.0;139.0;204
159.0;43.0;142.0;47.0;172.0;40.0;214
40.0;62.0;7.0;59.0;19.0;74.0;27
107.0;152.0;139.0;164.0;151.0;160.0;251
179.0;31.0;154.0;35.0;24.0;99.0;105
117.0;24.0;126.0;49.0;131.0;23.0;199
96.0;199.0;96.0;198.0;140.0;162.0;70
158.0;26.0;159.0;7.0;171.0;45.0;112
119.0;67.0;114.0;71.0;124.0;53.0;178
183.0;200.0;12.0;40.0;19.0;48.0;108
48.0;172.0;75.0;185.0;118.0;196.0;86
151.0;173.0;147.0;197.0;166.0;184.0;6
144.0;127.0;150.0;143.0;157.0;143.0;238
41.0;99.0;35.0;80.0;21.0;83.0;173
174.0;30.0;4.0;91.0;7.0;98.0;165
64.0;76.0;82.0;96.0;51.0;73.0;87
0.0;154.0;2.0;171.0;39.0;186.0;156
183.0;200.0;183.0;200.0;183.0;200.0;213
152.0;199.0;143.0;155.0;150.0;175.0;101
149.0;41.0;168.0;9.0;178.0;46.0;217
30.0;153.0;36.0;178.0;14.0;179.0;4
53.0;133.0;32.0;103.0;54.0;127.0;124
183.0;200.0;5.0;41.0;15.0;7.0;23
183.0;200.0;183.0;200.0;183.0;200.0;245
129.0;71.0;142.0;92.0;169.0;76.0;184
32.0;175.0;40.0;199.0;22.0;168.0;15
183.0;200.0;3.0;13.0;15.0;13.0;174
75.0;22.0;5.0;62.0;5.0;99.0;200
42.0;76.0;85.0;55.0;88.0;62.0;124
72.0;168.0;108.0;187.0;130.0;177.0;207
97.0;13.0;104.0;30.0;179.0;11.0;57
23.0;186.0;11.0;165.0;23.0;183.0;177
149.0;110.0;173.0;133.0;166.0;136.0;121
183.0;200.0;183.0;200.0;183.0;200.0;237
154.0;25.0;179.0;31.0;139.0;31.0;55
127.0;2.0;96.0;44.0;119.0;3.0;183
157.0;132.0;173.0;115.0;139.0;134.0;84
179.0;116.0;167.0;100.0;152.0;112.0;160
183.0;200.0;183.0;200.0;183.0;200.0;82
9.0;51.0;1.0;54.0;43.0;87.0;159
115.0;69.0;17.0;113.0;63.0;147.0;238
137.0;59.0;178.0;67.0;125.0;68.0;113
129.0;4.0;153.0;46.0;172.0;38.0;129
77.0;139.0;80.0;103.0;83.0;103.0;246
118.0;75.0;159.0;31.0;149.0;90.0;134
59.0;84.0;8.0;85.0;40.0;68.0;42
148.0;9.0;136.0;30.0;179.0;14.0;132
130.0;199.0;113.0;175.0;116.0;166.0;89
105.0;126.0;91.0;117.0;132.0;107.0;142
165.0;133.0;171.0;147.0;149.0;149.0;25
115.0;77.0;126.0;74.0;142.0;69.0;184
11.0;106.0;46.0;148.0;82.0;104.0;71
83.0;62.0;57.0;72.0;51.0;83.0;214
77.0;176.0;87.0;174.0;51.0;155.0;119
130.0;86.0;162.0;50.0;171.0;91.0;187
137.0;114.0;175.0;140.0;141.0;117.0;15
17.0;93.0;28.0;78.0;41.0;99.0;189
86.0;177.0;52.0;157.0;114.0;165.0;20
49.0;128.0;80.0;136.0;68.0;101.0;198
7.0;115.0;38.0;139.0;74.0;122.0;33
98.0;98.0;92.0;61.0;126.0;81.0;223
174.0;77.0;176.0;62.0;135.0;23.0;48
44.0;112.0;70.0;121.0;58.0;116.0;108
39.0;181.0;77.0;161.0;46.0;155.0;54
164.0;18.0;40.0;86.0;43.0;81.0;73
176.0;51.0;140.0;71.0;147.0;85.0;38
150.0;195.0;156.0;188.0;178.0;178.0;86
63.0;68.0;43.0;22.0;9.0;78.0;77
175.0;90.0;143.0;88.0;149.0;53.0;34
104.0;163.0;92.0;182.0;103.0;195.0;121
83.0;106.0;88.0;137.0;56.0;123.0;82
76.0;22.0;29.0;54.0;21.0;18.0;55
137.0;43.0;140.0;23.0;23.0;76.0;63
42.0;58.0;5.0;70.0;42.0;55.0;40
28.0;18.0;88.0;59.0;3.0;75.0;252
164.0;193.0;135.0;181.0;43.0;231.0;94
52.0;63.0;65.0;65.0;77.0;97.0;248
174.0;5.0;38.0;85.0;3.0;97.0;117
7.0;115.0;5.0;149.0;38.0;124.0;98
64.0;26.0;68.0;23.0;72.0;26.0;71
83.0;76.0;133.0;78.0;116.0;92.0;80
104.0;138.0;109.0;110.0;151.0;100.0;78
67.0;13.0;67.0;14.0;48.0;49.0;76
179.0;64.0;148.0;34.0;159.0;21.0;75
129.0;162.0;103.0;158.0;98.0;155.0;8
117.0;109.0;92.0;106.0;101.0;129.0;232
8.0;167.0;32.0;170.0;89.0;157.0;97
115.0;14.0;178.0;35.0;148.0;8.0;14
4.0;176.0;39.0;158.0;36.0;195.0;88
65.0;152.0;66.0;142.0;82.0;152.0;121
9.0;47.0;27.0;35.0;19.0;7.0;169
160.0;154.0;161.0;163.0;40.0;242.0;131
133.0;172.0;175.0;159.0;159.0;161.0;172
169.0;54.0;36.0;139.0;24.0;145.0;50
99.0;116.0;103.0;119.0;111.0;161.0;222
116.0;185.0;122.0;188.0;129.0;167.0;235
19.0;85.0;11.0;58.0;1.0;62.0;85
28.0;152.0;21.0;190.0;2.0;190.0;97
100.0;129.0;116.0;147.0;126.0;107.0;31
154.0;140.0;142.0;101.0;139.0;150.0;86
134.0;6.0;113.0;40.0;106.0;0.0;46
11.0;33.0;83.0;30.0;59.0;92.0;138
54.0;134.0;57.0;149.0;86.0;144.0;58
105.0;18.0;91.0;20.0;125.0;35.0;11
33.0;241.0;42.0;218.0;14.0;216.0;152
183.0;200.0;183.0;200.0;183.0;200.0;80
18.0;103.0;27.0;147.0;13.0;101.0;2
62.0;170.0;170.0;166.0;179.0;149.0;52
86.0;87.0;133.0;67.0;122.0;80.0;102
125.0;173.0;179.0;191.0;146.0;150.0;173
183.0;200.0;183.0;200.0;183.0;200.0;184
183.0;200.0;183.0;200.0;183.0;200.0;103
118.0;54.0;104.0;69.0;92.0;65.0;86
8.0;34.0;24.0;43.0;39.0;37.0;182
83.0;8.0;127.0;42.0;125.0;14.0;39
58.0;85.0;96.0;59.0;102.0;64.0;229
87.0;104.0;53.0;149.0;86.0;106.0;35
142.0;79.0;153.0;86.0;162.0;71.0;73
112.0;85.0;99.0;67.0;103.0;96.0;210
100.0;76.0;99.0;58.0;145.0;76.0;125
24.0;19.0;30.0;31.0;2.0;31.0;152
128.0;117.0;155.0;100.0;179.0;141.0;84
73.0;19.0;72.0;12.0;84.0;30.0;62
64.0;166.0;11.0;129.0;0.0;150.0;42
55.0;192.0;87.0;190.0;64.0;169.0;74
104.0;80.0;120.0;92.0;106.0;64.0;43
43.0;237.0;40.0;227.0;18.0;230.0;218
71.0;75.0;78.0;50.0;78.0;82.0;236
176.0;124.0;97.0;186.0;105.0;141.0;58
21.0;56.0;29.0;90.0;0.0;79.0;243
169.0;181.0;154.0;150.0;155.0;186.0;120
39.0;13.0;22.0;35.0;2.0;26.0;152
183.0;200.0;183.0;200.0;183.0;200.0;2
175.0;193.0;145.0;183.0;174.0;167.0;247
118.0;126.0;115.0;115.0;133.0;103.0;14
35.0;142.0;3.0;106.0;63.0;126.0;56
104.0;85.0;117.0;5.0;162.0;62.0;13
183.0;200.0;183.0;200.0;183.0;200.0;78
175.0;8.0;173.0;37.0;146.0;45.0;178
107.0;129.0;146.0;187.0;174.0;149.0;177
120.0;69.0;106.0;86.0;144.0;86.0;38
63.0;153.0;25.0;185.0;70.0;171.0;88
177.0;114.0;165.0;137.0;160.0;118.0;32
108.0;197.0;104.0;181.0;91.0;182.0;211
23.0;94.0;34.0;96.0;8.0;89.0;77
63.0;45.0;48.0;35.0;55.0;38.0;18
14.0;20.0;36.0;1.0;63.0;2.0;114
43.0;12.0;13.0;2.0;73.0;23.0;150
63.0;31.0;88.0;36.0;0.0;54.0;82
1.0;166.0;45.0;188.0;66.0;174.0;225
146.0;109.0;109.0;126.0;167.0;198.0;67
152.0;157.0;146.0;194.0;14.0;217.0;134
121.0;113.0;98.0;105.0;120.0;109.0;124
100.0;69.0;102.0;79.0;158.0;94.0;131
132.0;157.0;95.0;173.0;123.0;185.0;21
86.0;24.0;61.0;34.0;46.0;31.0;90
38.0;183.0;36.0;184.0;5.0;182.0;95
152.0;13.0;174.0;27.0;176.0;7.0;45
171.0;78.0;3.0;144.0;37.0;109.0;142
117.0;72.0;112.0;97.0;170.0;54.0;53
167.0;39.0;168.0;9.0;168.0;30.0;215
35.0;134.0;29.0;139.0;7.0;117.0;15
158.0;88.0;159.0;29.0;130.0;52.0;65
85.0;49.0;80.0;25.0;75.0;21.0;236
128.0;19.0;101.0;28.0;126.0;26.0;106
40.0;16.0;35.0;4.0;1.0;19.0;148
139.0;100.0;146.0;124.0;150.0;139.0;187
16.0;92.0;1.0;68.0;25.0;90.0;224
10.0;169.0;17.0;173.0;27.0;184.0;244
51.0;190.0;3.0;102.0;13.0;113.0;247
125.0;183.0;107.0;152.0;115.0;168.0;73
20.0;173.0;1.0;160.0;10.0;160.0;193
87.0;108.0;129.0;147.0;93.0;104.0;19
175.0;28.0;144.0;28.0;148.0;41.0;59
112.0;1.0;94.0;37.0;90.0;0.0;87
59.0;19.0;174.0;92.0;133.0;91.0;133
158.0;142.0;116.0;168.0;138.0;151.0;235
0.0;118.0;37.0;121.0;4.0;147.0;78
152.0;101.0;15.0;197.0;28.0;170.0;246
152.0;126.0;153.0;181.0;183.0;200.0;104
39.0;188.0;29.0;194.0;31.0;197.0;242
136.0;69.0;148.0;70.0;169.0;82.0;67
76.0;33.0;112.0;39.0;92.0;37.0;194
54.0;167.0;72.0;182.0;57.0;182.0;33
123.0;124.0;109.0;147.0;95.0;111.0;123
159.0;148.0;160.0;137.0;28.0;181.0;48
76.0;178.0;132.0;173.0;105.0;163.0;54
100.0;150.0;128.0;186.0;150.0;198.0;123
18.0;164.0;85.0;199.0;54.0;160.0;76
43.0;155.0;27.0;168.0;16.0;199.0;31
151.0;77.0;96.0;56.0;172.0;40.0;46
177.0;93.0;140.0;67.0;154.0;75.0;69
34.0;197.0;24.0;175.0;73.0;169.0;132
153.0;97.0;144.0;86.0;179.0;55.0;6
127.0;94.0;124.0;96.0;97.0;91.0;120
64.0;57.0;65.0;58.0;72.0;83.0;153
122.0;126.0;94.0;106.0;110.0;132.0;10
12.0;7.0;6.0;0.0;30.0;32.0;48
3.0;56.0;27.0;89.0;73.0;98.0;47
9.0;133.0;18.0;149.0;28.0;141.0;18
16.0;44.0;30.0;21.0;66.0;97.0;153
138.0;89.0;94.0;0.0;162.0;80.0;93
49.0;62.0;50.0;60.0;127.0;90.0;180
133.0;1.0;113.0;1.0;115.0;18.0;31
113.0;78.0;96.0;76.0;169.0;51.0;90
143.0;112.0;183.0;200.0;183.0;200.0;213
55.0;19.0;48.0;32.0;76.0;25.0;0
5.0;138.0;55.0;109.0;59.0;119.0;135
144.0;156.0;136.0;184.0;154.0;158.0;79
89.0;22.0;73.0;22.0;77.0;4.0;147
69.0;66.0;56.0;68.0;83.0;58.0;163
38.0;132.0;28.0;114.0;6.0;102.0;47
16.0;58.0;42.0;62.0;34.0;73.0;76
50.0;3.0;65.0;41.0;78.0;3.0;175
164.0;47.0;0.0;60.0;27.0;63.0;108
17.0;17.0;15.0;13.0;25.0;7.0;101
